143.0,57.0,192.0,69.0,184.0,101.0,135.0,89.0,10
146.0,54.0,196.0,68.0,187.0,99.0,137.0,85.0,10
145.0,54.0,195.0,68.0,186.0,99.0,136.0,86.0,10
145.0,56.0,195.0,70.0,187.0,101.0,136.0,87.0,10
143.0,54.0,193.0,67.0,185.0,98.0,135.0,85.0,10
142.0,54.0,192.0,66.0,184.0,98.0,134.0,86.0,10
146.0,54.0,197.0,69.0,188.0,99.0,137.0,85.0,10
149.0,55.0,199.0,69.0,190.0,100.0,140.0,86.0,10
155.0,55.0,204.0,69.0,194.0,101.0,145.0,87.0,10
153.0,54.0,203.0,69.0,194.0,101.0,144.0,86.0,10
153.0,57.0,203.0,70.0,195.0,102.0,144.0,89.0,10
150.0,57.0,200.0,69.0,192.0,101.0,142.0,88.0,10
148.0,59.0,199.0,69.0,192.0,101.0,141.0,91.0,10
143.0,57.0,195.0,67.0,188.0,99.0,137.0,89.0,10
141.0,56.0,192.0,64.0,186.0,97.0,135.0,89.0,10
148.0,56.0,199.0,66.0,193.0,98.0,142.0,89.0,10
142.0,58.0,194.0,67.0,188.0,99.0,136.0,91.0,10
139.0,58.0,190.0,65.0,185.0,98.0,134.0,91.0,10
142.0,63.0,194.0,70.0,190.0,102.0,137.0,96.0,10
142.0,59.0,194.0,65.0,190.0,98.0,138.0,92.0,10
143.0,66.0,194.0,72.0,190.0,104.0,139.0,98.0,10
153.0,57.0,206.0,68.0,199.0,99.0,146.0,89.0,10
161.0,70.0,213.0,80.0,206.0,113.0,154.0,103.0,10
157.0,86.0,208.0,93.0,204.0,125.0,152.0,118.0,10
150.0,80.0,202.0,87.0,198.0,119.0,146.0,112.0,10
153.0,84.0,205.0,90.0,201.0,122.0,150.0,116.0,10
144.0,86.0,195.0,89.0,193.0,121.0,142.0,118.0,10
137.0,87.0,188.0,89.0,187.0,121.0,136.0,119.0,10
129.0,91.0,181.0,89.0,182.0,121.0,130.0,123.0,10
125.0,92.0,177.0,88.0,179.0,120.0,127.0,123.0,10
131.0,96.0,183.0,92.0,185.0,124.0,133.0,127.0,10
127.0,99.0,179.0,93.0,182.0,125.0,131.0,130.0,10
117.0,97.0,169.0,89.0,173.0,121.0,122.0,128.0,10
111.0,100.0,162.0,90.0,168.0,121.0,117.0,131.0,10
107.0,93.0,158.0,83.0,164.0,114.0,113.0,124.0,10
106.0,92.0,157.0,81.0,164.0,112.0,113.0,123.0,10
99.0,94.0,150.0,81.0,158.0,113.0,107.0,126.0,10
93.0,100.0,144.0,86.0,153.0,117.0,102.0,131.0,10
105.0,91.0,156.0,80.0,163.0,112.0,112.0,123.0,10
114.0,89.0,165.0,80.0,171.0,111.0,120.0,121.0,10
114.0,89.0,166.0,79.0,172.0,110.0,120.0,120.0,10
110.0,90.0,162.0,78.0,169.0,109.0,117.0,121.0,10
109.0,90.0,160.0,78.0,167.0,109.0,116.0,120.0,10
108.0,92.0,159.0,79.0,167.0,110.0,116.0,123.0,10
106.0,94.0,158.0,80.0,166.0,111.0,115.0,125.0,10
111.0,91.0,163.0,79.0,170.0,110.0,119.0,122.0,10
113.0,93.0,165.0,80.0,173.0,112.0,121.0,125.0,10
111.0,94.0,163.0,80.0,171.0,110.0,119.0,124.0,10
108.0,96.0,159.0,81.0,168.0,112.0,117.0,126.0,10
106.0,98.0,156.0,81.0,166.0,112.0,115.0,128.0,10
95.0,99.0,145.0,80.0,156.0,109.0,106.0,129.0,10
97.0,103.0,147.0,84.0,158.0,114.0,109.0,133.0,10
96.0,98.0,146.0,78.0,158.0,108.0,108.0,128.0,10
100.0,98.0,150.0,80.0,161.0,109.0,111.0,128.0,10
102.0,100.0,152.0,81.0,163.0,110.0,113.0,129.0,10
93.0,96.0,141.0,76.0,154.0,105.0,105.0,126.0,10
94.0,94.0,143.0,73.0,156.0,103.0,106.0,124.0,10
92.0,95.0,141.0,74.0,154.0,105.0,105.0,125.0,10
110.0,96.0,161.0,78.0,172.0,108.0,121.0,126.0,10
103.0,97.0,152.0,78.0,164.0,108.0,115.0,127.0,10
92.0,108.0,140.0,84.0,153.0,113.0,105.0,136.0,10
78.0,111.0,126.0,84.0,141.0,111.0,93.0,138.0,10
79.0,111.0,124.0,84.0,140.0,111.0,95.0,138.0,10
84.0,116.0,131.0,89.0,146.0,116.0,99.0,143.0,10
66.0,129.0,110.0,97.0,129.0,123.0,84.0,155.0,10
67.0,124.0,109.0,93.0,128.0,118.0,86.0,150.0,10
82.0,121.0,127.0,93.0,144.0,120.0,99.0,148.0,10
91.0,118.0,137.0,93.0,152.0,120.0,106.0,146.0,10
94.0,120.0,140.0,93.0,155.0,120.0,109.0,147.0,10
99.0,118.0,145.0,93.0,160.0,120.0,113.0,145.0,10
101.0,121.0,146.0,96.0,161.0,123.0,116.0,148.0,10
96.0,123.0,142.0,96.0,158.0,123.0,112.0,150.0,10
97.0,123.0,142.0,97.0,157.0,123.0,113.0,150.0,10
96.0,124.0,140.0,96.0,156.0,122.0,112.0,150.0,10
97.0,121.0,141.0,95.0,157.0,122.0,113.0,148.0,10
101.0,121.0,146.0,95.0,161.0,121.0,117.0,148.0,10
98.0,124.0,142.0,95.0,159.0,120.0,115.0,150.0,10
101.0,121.0,145.0,95.0,161.0,121.0,117.0,147.0,10
99.0,121.0,142.0,95.0,158.0,121.0,115.0,147.0,10
105.0,116.0,149.0,91.0,164.0,118.0,120.0,143.0,10
109.0,116.0,153.0,92.0,168.0,119.0,123.0,143.0,10
115.0,116.0,160.0,93.0,174.0,121.0,129.0,143.0,10
120.0,119.0,165.0,96.0,179.0,123.0,134.0,146.0,10
126.0,118.0,172.0,95.0,186.0,122.0,140.0,145.0,10
130.0,120.0,175.0,97.0,188.0,123.0,143.0,146.0,10
133.0,119.0,178.0,99.0,190.0,127.0,145.0,147.0,10
132.0,123.0,178.0,100.0,192.0,127.0,145.0,150.0,10
132.0,125.0,177.0,103.0,190.0,129.0,145.0,152.0,10
133.0,137.0,178.0,111.0,192.0,137.0,147.0,162.0,10
128.0,132.0,173.0,109.0,187.0,135.0,142.0,158.0,10
126.0,135.0,170.0,111.0,184.0,137.0,140.0,161.0,10
124.0,139.0,168.0,113.0,183.0,137.0,139.0,164.0,10
123.0,138.0,167.0,114.0,181.0,140.0,137.0,164.0,10
129.0,138.0,172.0,116.0,186.0,143.0,142.0,164.0,10
131.0,142.0,176.0,116.0,191.0,141.0,146.0,167.0,10
125.0,144.0,168.0,117.0,184.0,141.0,140.0,168.0,10
122.0,146.0,165.0,117.0,181.0,141.0,138.0,169.0,10
121.0,140.0,165.0,116.0,179.0,142.0,136.0,166.0,10
117.0,141.0,160.0,114.0,175.0,139.0,132.0,166.0,10
118.0,144.0,160.0,114.0,177.0,137.0,134.0,167.0,10
116.0,145.0,158.0,114.0,175.0,137.0,132.0,168.0,10
112.0,143.0,154.0,113.0,171.0,136.0,129.0,166.0,10
117.0,143.0,159.0,115.0,175.0,139.0,133.0,167.0,10
122.0,139.0,165.0,115.0,179.0,140.0,136.0,164.0,10
123.0,141.0,167.0,118.0,181.0,144.0,137.0,167.0,10
126.0,143.0,170.0,116.0,184.0,141.0,141.0,167.0,10
125.0,147.0,169.0,118.0,184.0,142.0,140.0,171.0,10
125.0,148.0,168.0,120.0,183.0,144.0,140.0,172.0,10
125.0,151.0,169.0,123.0,184.0,147.0,140.0,175.0,10
126.0,149.0,170.0,121.0,185.0,146.0,141.0,173.0,10
129.0,148.0,173.0,121.0,188.0,145.0,144.0,172.0,10
130.0,148.0,174.0,126.0,188.0,153.0,144.0,175.0,10
127.0,152.0,171.0,126.0,186.0,150.0,142.0,177.0,10
124.0,152.0,167.0,124.0,182.0,148.0,139.0,176.0,10
120.0,151.0,163.0,125.0,178.0,150.0,135.0,176.0,10
119.0,154.0,162.0,125.0,178.0,149.0,135.0,177.0,10
51.0,216.0,98.0,190.0,113.0,217.0,66.0,243.0,11
62.0,199.0,109.0,177.0,122.0,206.0,75.0,227.0,11
65.0,189.0,111.0,169.0,123.0,197.0,77.0,216.0,11
69.0,169.0,116.0,152.0,126.0,179.0,80.0,197.0,11
102.0,157.0,145.0,141.0,156.0,168.0,112.0,185.0,11
102.0,140.0,145.0,124.0,155.0,151.0,112.0,167.0,11
117.0,94.0,159.0,80.0,168.0,107.0,126.0,121.0,11
115.0,41.0,160.0,26.0,170.0,54.0,125.0,70.0,11
112.0,45.0,159.0,31.0,169.0,61.0,122.0,76.0,11
106.0,82.0,151.0,68.0,160.0,97.0,115.0,110.0,11
101.0,101.0,146.0,87.0,155.0,114.0,110.0,129.0,11
98.0,98.0,142.0,83.0,152.0,111.0,107.0,126.0,11
99.0,99.0,143.0,84.0,152.0,112.0,108.0,126.0,11
98.0,99.0,142.0,84.0,152.0,112.0,107.0,127.0,11
97.0,99.0,141.0,84.0,151.0,112.0,106.0,127.0,11
95.0,100.0,140.0,84.0,150.0,112.0,105.0,128.0,11
95.0,98.0,140.0,83.0,150.0,111.0,105.0,126.0,11
98.0,98.0,143.0,85.0,152.0,113.0,107.0,126.0,11
100.0,99.0,145.0,85.0,154.0,113.0,109.0,128.0,11
103.0,98.0,148.0,86.0,156.0,115.0,111.0,127.0,11
101.0,97.0,147.0,85.0,154.0,113.0,109.0,126.0,11
98.0,102.0,143.0,87.0,153.0,115.0,108.0,130.0,11
106.0,115.0,151.0,99.0,161.0,127.0,116.0,143.0,11
101.0,109.0,146.0,94.0,156.0,122.0,110.0,137.0,11
103.0,114.0,149.0,98.0,159.0,126.0,112.0,142.0,11
107.0,102.0,153.0,91.0,160.0,120.0,114.0,131.0,11
106.0,95.0,153.0,85.0,160.0,114.0,113.0,124.0,11
99.0,100.0,146.0,88.0,154.0,117.0,106.0,129.0,11
104.0,103.0,150.0,92.0,157.0,122.0,111.0,133.0,11
105.0,103.0,152.0,92.0,159.0,121.0,112.0,132.0,11
99.0,107.0,146.0,94.0,154.0,123.0,107.0,136.0,11
78.0,113.0,125.0,97.0,135.0,125.0,88.0,141.0,11
72.0,110.0,119.0,92.0,130.0,121.0,83.0,139.0,11
82.0,106.0,129.0,92.0,137.0,121.0,90.0,134.0,11
94.0,91.0,143.0,80.0,150.0,109.0,101.0,120.0,11
87.0,100.0,135.0,88.0,142.0,117.0,94.0,129.0,11
81.0,101.0,129.0,87.0,138.0,117.0,89.0,130.0,11
78.0,99.0,126.0,86.0,134.0,116.0,86.0,128.0,11
78.0,102.0,126.0,89.0,134.0,118.0,86.0,131.0,11
87.0,100.0,136.0,90.0,142.0,119.0,94.0,130.0,11
78.0,105.0,127.0,93.0,134.0,123.0,85.0,135.0,11
83.0,112.0,130.0,101.0,137.0,131.0,90.0,142.0,11
81.0,106.0,129.0,96.0,135.0,125.0,87.0,135.0,11
83.0,103.0,131.0,94.0,136.0,124.0,88.0,133.0,11
101.0,92.0,150.0,89.0,151.0,120.0,103.0,123.0,11
113.0,98.0,161.0,96.0,162.0,126.0,114.0,127.0,11
112.0,88.0,160.0,88.0,160.0,118.0,112.0,118.0,11
120.0,87.0,167.0,87.0,167.0,118.0,120.0,118.0,11
108.0,89.0,156.0,89.0,156.0,118.0,108.0,118.0,11
127.0,81.0,174.0,85.0,171.0,116.0,124.0,112.0,11
146.0,81.0,193.0,91.0,186.0,120.0,140.0,110.0,11
122.0,82.0,170.0,87.0,167.0,118.0,119.0,112.0,11
93.0,86.0,142.0,83.0,144.0,114.0,94.0,116.0,11
73.0,90.0,122.0,80.0,128.0,111.0,79.0,121.0,11
78.0,93.0,128.0,85.0,132.0,115.0,83.0,123.0,11
80.0,89.0,129.0,81.0,134.0,112.0,85.0,120.0,11
80.0,88.0,130.0,82.0,133.0,113.0,83.0,118.0,11
80.0,95.0,130.0,88.0,134.0,119.0,85.0,126.0,11
80.0,98.0,129.0,90.0,134.0,122.0,85.0,130.0,11
90.0,96.0,139.0,91.0,142.0,122.0,93.0,126.0,11
90.0,95.0,141.0,93.0,142.0,124.0,91.0,125.0,11
87.0,100.0,136.0,95.0,139.0,126.0,90.0,131.0,11
83.0,98.0,132.0,92.0,136.0,123.0,87.0,129.0,11
70.0,102.0,119.0,94.0,125.0,125.0,75.0,133.0,11
75.0,101.0,125.0,93.0,129.0,124.0,80.0,132.0,11
74.0,97.0,124.0,91.0,128.0,122.0,78.0,127.0,11
81.0,102.0,130.0,97.0,133.0,128.0,84.0,132.0,11
87.0,104.0,137.0,104.0,137.0,134.0,87.0,134.0,11
92.0,115.0,141.0,111.0,143.0,142.0,94.0,145.0,11
75.0,114.0,126.0,112.0,127.0,143.0,76.0,144.0,11
74.0,115.0,123.0,109.0,127.0,140.0,78.0,146.0,11
66.0,119.0,115.0,111.0,120.0,141.0,71.0,150.0,11
98.0,111.0,147.0,111.0,147.0,141.0,98.0,141.0,11
123.0,104.0,170.0,112.0,164.0,143.0,117.0,135.0,11
131.0,99.0,177.0,111.0,169.0,140.0,123.0,128.0,11
122.0,96.0,168.0,106.0,161.0,136.0,115.0,126.0,11
117.0,92.0,163.0,100.0,157.0,130.0,111.0,122.0,11
117.0,89.0,163.0,96.0,158.0,127.0,112.0,120.0,11
85.0,91.0,134.0,91.0,134.0,121.0,85.0,121.0,11
90.0,75.0,137.0,75.0,137.0,106.0,90.0,106.0,11
101.0,76.0,148.0,80.0,145.0,111.0,98.0,107.0,11
100.0,82.0,147.0,87.0,144.0,117.0,97.0,112.0,11
98.0,81.0,145.0,86.0,142.0,116.0,95.0,112.0,11
105.0,80.0,152.0,86.0,148.0,116.0,101.0,110.0,11
113.0,77.0,159.0,85.0,154.0,115.0,108.0,107.0,11
114.0,80.0,160.0,88.0,154.0,118.0,108.0,110.0,11
112.0,84.0,158.0,91.0,153.0,122.0,107.0,115.0,11
106.0,88.0,152.0,94.0,148.0,124.0,102.0,119.0,11
103.0,82.0,150.0,87.0,146.0,118.0,99.0,113.0,11
108.0,79.0,155.0,86.0,150.0,116.0,103.0,109.0,11
100.0,81.0,147.0,85.0,144.0,116.0,97.0,111.0,11
115.0,78.0,161.0,87.0,155.0,117.0,109.0,108.0,11
116.0,76.0,162.0,85.0,156.0,115.0,110.0,106.0,11
121.0,76.0,166.0,86.0,159.0,116.0,114.0,106.0,11
123.0,77.0,169.0,88.0,161.0,118.0,115.0,107.0,11
123.0,78.0,169.0,89.0,161.0,119.0,116.0,108.0,11
146.0,108.0,185.0,125.0,174.0,150.0,135.0,134.0,12
143.0,107.0,183.0,123.0,172.0,150.0,133.0,133.0,12
144.0,108.0,183.0,125.0,172.0,151.0,132.0,134.0,12
143.0,108.0,183.0,124.0,173.0,151.0,133.0,135.0,12
144.0,109.0,184.0,125.0,173.0,152.0,133.0,135.0,12
143.0,109.0,183.0,126.0,172.0,152.0,132.0,135.0,12
142.0,108.0,182.0,124.0,172.0,150.0,131.0,134.0,12
143.0,113.0,183.0,129.0,173.0,155.0,132.0,139.0,12
139.0,116.0,180.0,130.0,170.0,157.0,130.0,143.0,12
137.0,116.0,178.0,130.0,169.0,157.0,128.0,143.0,12
138.0,119.0,179.0,133.0,170.0,160.0,129.0,146.0,12
139.0,117.0,180.0,132.0,171.0,158.0,130.0,144.0,12
139.0,118.0,179.0,131.0,170.0,158.0,130.0,145.0,12
136.0,117.0,177.0,130.0,168.0,157.0,127.0,144.0,12
135.0,114.0,177.0,127.0,168.0,154.0,127.0,141.0,12
139.0,115.0,181.0,129.0,172.0,156.0,130.0,142.0,12
134.0,121.0,175.0,133.0,167.0,160.0,126.0,148.0,12
138.0,116.0,180.0,130.0,171.0,157.0,129.0,143.0,12
141.0,118.0,183.0,132.0,174.0,160.0,132.0,146.0,12
127.0,122.0,169.0,132.0,163.0,159.0,120.0,150.0,12
125.0,118.0,168.0,127.0,162.0,155.0,119.0,146.0,12
122.0,122.0,165.0,130.0,160.0,158.0,117.0,150.0,12
123.0,115.0,166.0,124.0,160.0,152.0,117.0,144.0,12
117.0,113.0,161.0,120.0,156.0,148.0,113.0,142.0,12
109.0,118.0,152.0,121.0,149.0,151.0,106.0,148.0,12
108.0,116.0,151.0,119.0,149.0,148.0,106.0,145.0,12
118.0,114.0,162.0,119.0,159.0,147.0,115.0,143.0,12
140.0,110.0,184.0,114.0,181.0,143.0,137.0,139.0,12
138.0,113.0,182.0,118.0,179.0,146.0,135.0,141.0,12
133.0,114.0,177.0,119.0,173.0,147.0,129.0,142.0,12
135.0,115.0,178.0,119.0,175.0,148.0,132.0,145.0,12
130.0,116.0,174.0,121.0,171.0,150.0,126.0,145.0,12
120.0,121.0,164.0,125.0,161.0,154.0,117.0,150.0,12
127.0,126.0,172.0,131.0,168.0,160.0,123.0,154.0,12
120.0,125.0,164.0,130.0,160.0,159.0,116.0,154.0,12
120.0,124.0,164.0,129.0,161.0,158.0,117.0,153.0,12
106.0,129.0,150.0,132.0,148.0,161.0,104.0,158.0,12
100.0,129.0,146.0,129.0,146.0,158.0,100.0,158.0,12
106.0,124.0,150.0,124.0,150.0,153.0,106.0,153.0,12
111.0,121.0,155.0,123.0,153.0,153.0,109.0,151.0,12
113.0,117.0,158.0,121.0,155.0,149.0,111.0,146.0,12
121.0,119.0,166.0,124.0,162.0,152.0,118.0,147.0,12
125.0,122.0,169.0,126.0,166.0,155.0,122.0,151.0,12
124.0,117.0,168.0,122.0,165.0,151.0,121.0,146.0,12
122.0,118.0,167.0,124.0,163.0,152.0,119.0,146.0,12
124.0,119.0,168.0,124.0,165.0,152.0,121.0,148.0,12
119.0,121.0,163.0,124.0,162.0,152.0,117.0,150.0,12
119.0,121.0,163.0,124.0,162.0,152.0,117.0,150.0,12
124.0,128.0,168.0,128.0,168.0,155.0,124.0,155.0,12
126.0,126.0,172.0,128.0,171.0,156.0,125.0,154.0,12
121.0,122.0,167.0,125.0,165.0,153.0,119.0,150.0,12
128.0,119.0,173.0,122.0,171.0,150.0,126.0,147.0,12
140.0,122.0,184.0,127.0,181.0,155.0,137.0,150.0,12
142.0,121.0,187.0,124.0,185.0,151.0,140.0,149.0,12
132.0,122.0,177.0,124.0,176.0,151.0,131.0,150.0,12
124.0,127.0,168.0,124.0,170.0,153.0,126.0,155.0,12
135.0,127.0,180.0,129.0,179.0,157.0,134.0,155.0,12
142.0,133.0,188.0,135.0,187.0,161.0,141.0,160.0,12
151.0,135.0,197.0,139.0,195.0,167.0,149.0,164.0,12
144.0,138.0,189.0,142.0,187.0,170.0,141.0,167.0,12
142.0,141.0,188.0,141.0,188.0,169.0,142.0,169.0,12
141.0,141.0,185.0,141.0,185.0,169.0,141.0,169.0,12
141.0,144.0,187.0,144.0,187.0,173.0,141.0,173.0,12
140.0,146.0,185.0,146.0,185.0,173.0,140.0,173.0,12
140.0,142.0,184.0,142.0,184.0,171.0,140.0,171.0,12
144.0,144.0,188.0,142.0,189.0,171.0,145.0,172.0,12
134.0,144.0,179.0,142.0,181.0,172.0,136.0,174.0,12
126.0,148.0,170.0,143.0,173.0,172.0,129.0,177.0,12
125.0,156.0,170.0,150.0,174.0,179.0,129.0,184.0,12
128.0,151.0,172.0,146.0,175.0,175.0,131.0,179.0,12
132.0,149.0,175.0,145.0,178.0,173.0,134.0,176.0,12
132.0,152.0,177.0,148.0,180.0,177.0,135.0,180.0,12
133.0,151.0,177.0,147.0,180.0,176.0,136.0,179.0,12
141.0,156.0,184.0,154.0,186.0,183.0,143.0,185.0,12
144.0,163.0,188.0,161.0,190.0,190.0,146.0,192.0,12
125.0,158.0,168.0,151.0,172.0,180.0,129.0,187.0,12
122.0,160.0,165.0,152.0,171.0,180.0,127.0,188.0,12
125.0,162.0,168.0,154.0,174.0,182.0,130.0,190.0,12
119.0,161.0,162.0,152.0,168.0,180.0,125.0,189.0,12
118.0,162.0,161.0,152.0,168.0,180.0,124.0,190.0,12
117.0,155.0,160.0,145.0,167.0,173.0,124.0,182.0,12
117.0,159.0,160.0,148.0,168.0,176.0,125.0,187.0,12
123.0,162.0,166.0,152.0,173.0,180.0,130.0,190.0,12
121.0,164.0,164.0,153.0,172.0,181.0,129.0,193.0,12
121.0,166.0,163.0,155.0,170.0,182.0,128.0,193.0,12
118.0,169.0,160.0,156.0,169.0,183.0,126.0,196.0,12
113.0,169.0,155.0,155.0,164.0,182.0,122.0,196.0,12
111.0,171.0,152.0,156.0,161.0,182.0,120.0,197.0,12
106.0,173.0,147.0,157.0,157.0,184.0,116.0,199.0,12
108.0,174.0,149.0,157.0,159.0,183.0,118.0,200.0,12
101.0,177.0,143.0,159.0,154.0,186.0,112.0,204.0,12
170.0,136.0,207.0,125.0,215.0,150.0,177.0,161.0,13
171.0,135.0,208.0,125.0,215.0,151.0,177.0,161.0,13
170.0,135.0,208.0,124.0,215.0,150.0,177.0,160.0,13
170.0,135.0,207.0,124.0,214.0,150.0,177.0,160.0,13
170.0,135.0,207.0,124.0,214.0,150.0,177.0,160.0,13
170.0,135.0,207.0,124.0,214.0,150.0,177.0,160.0,13
170.0,134.0,207.0,124.0,214.0,149.0,177.0,160.0,13
169.0,135.0,206.0,124.0,213.0,150.0,176.0,160.0,13
169.0,134.0,207.0,124.0,214.0,150.0,176.0,160.0,13
167.0,133.0,204.0,123.0,211.0,149.0,174.0,159.0,13
163.0,136.0,201.0,125.0,209.0,150.0,171.0,162.0,13
165.0,136.0,203.0,125.0,211.0,150.0,173.0,161.0,13
162.0,133.0,200.0,121.0,208.0,146.0,170.0,158.0,13
165.0,135.0,202.0,125.0,210.0,151.0,172.0,161.0,13
161.0,133.0,199.0,121.0,207.0,146.0,169.0,158.0,13
166.0,134.0,204.0,123.0,211.0,149.0,172.0,159.0,13
162.0,134.0,200.0,123.0,208.0,149.0,170.0,160.0,13
163.0,137.0,201.0,126.0,209.0,152.0,171.0,163.0,13
170.0,133.0,208.0,124.0,214.0,150.0,175.0,158.0,13
171.0,125.0,210.0,115.0,217.0,141.0,178.0,151.0,13
169.0,140.0,209.0,131.0,215.0,158.0,176.0,167.0,13
158.0,134.0,197.0,123.0,205.0,148.0,165.0,160.0,13
176.0,147.0,216.0,138.0,222.0,166.0,182.0,175.0,13
161.0,140.0,200.0,130.0,206.0,156.0,167.0,166.0,13
170.0,144.0,210.0,136.0,215.0,163.0,176.0,170.0,13
167.0,144.0,207.0,136.0,213.0,163.0,173.0,171.0,13
172.0,144.0,212.0,137.0,217.0,163.0,177.0,171.0,13
175.0,151.0,215.0,146.0,219.0,174.0,179.0,179.0,13
174.0,145.0,214.0,140.0,218.0,167.0,177.0,172.0,13
173.0,144.0,213.0,138.0,217.0,165.0,177.0,171.0,13
171.0,144.0,212.0,138.0,216.0,166.0,175.0,171.0,13
173.0,149.0,213.0,144.0,216.0,172.0,176.0,177.0,13
180.0,133.0,222.0,130.0,224.0,157.0,182.0,160.0,13
180.0,141.0,221.0,138.0,223.0,165.0,182.0,167.0,13
187.0,145.0,229.0,145.0,229.0,172.0,187.0,172.0,13
186.0,138.0,228.0,138.0,228.0,165.0,186.0,165.0,13
183.0,135.0,223.0,133.0,224.0,160.0,184.0,162.0,13
170.0,135.0,212.0,131.0,215.0,158.0,173.0,162.0,13
176.0,140.0,217.0,137.0,219.0,164.0,178.0,167.0,13
175.0,138.0,217.0,135.0,219.0,162.0,177.0,165.0,13
187.0,135.0,228.0,135.0,228.0,162.0,187.0,162.0,13
181.0,131.0,222.0,131.0,222.0,158.0,181.0,158.0,13
184.0,132.0,225.0,132.0,225.0,159.0,184.0,159.0,13
179.0,137.0,220.0,135.0,221.0,162.0,180.0,163.0,13
186.0,141.0,228.0,143.0,227.0,170.0,185.0,168.0,13
182.0,132.0,224.0,134.0,223.0,160.0,181.0,159.0,13
180.0,138.0,221.0,138.0,221.0,165.0,180.0,165.0,13
179.0,133.0,221.0,133.0,221.0,159.0,179.0,159.0,13
185.0,132.0,227.0,134.0,226.0,160.0,184.0,159.0,13
176.0,131.0,218.0,131.0,218.0,157.0,176.0,157.0,13
172.0,140.0,214.0,138.0,215.0,165.0,174.0,167.0,13
168.0,144.0,210.0,141.0,211.0,168.0,169.0,170.0,13
171.0,141.0,213.0,138.0,214.0,165.0,172.0,167.0,13
168.0,138.0,210.0,135.0,211.0,161.0,169.0,164.0,13
167.0,141.0,208.0,138.0,210.0,165.0,168.0,167.0,13
166.0,136.0,208.0,133.0,210.0,160.0,168.0,162.0,13
161.0,139.0,203.0,135.0,205.0,161.0,163.0,165.0,13
157.0,142.0,199.0,138.0,201.0,165.0,160.0,169.0,13
158.0,140.0,199.0,135.0,202.0,162.0,161.0,167.0,13
160.0,140.0,202.0,137.0,204.0,164.0,162.0,166.0,13
155.0,146.0,196.0,141.0,199.0,168.0,157.0,172.0,13
163.0,148.0,206.0,146.0,207.0,173.0,164.0,174.0,13
161.0,139.0,204.0,137.0,205.0,165.0,162.0,166.0,13
159.0,144.0,201.0,141.0,203.0,167.0,161.0,170.0,13
159.0,142.0,200.0,139.0,202.0,166.0,160.0,168.0,13
159.0,141.0,201.0,138.0,203.0,165.0,161.0,168.0,13
159.0,142.0,202.0,140.0,203.0,167.0,160.0,168.0,13
160.0,137.0,201.0,134.0,203.0,161.0,162.0,164.0,13
157.0,137.0,199.0,134.0,201.0,161.0,159.0,164.0,13
157.0,141.0,198.0,138.0,200.0,166.0,159.0,168.0,13
158.0,141.0,200.0,139.0,201.0,166.0,159.0,168.0,13
163.0,140.0,205.0,140.0,205.0,167.0,163.0,167.0,13
169.0,138.0,211.0,140.0,209.0,167.0,167.0,165.0,13
172.0,139.0,213.0,142.0,211.0,169.0,170.0,166.0,13
174.0,137.0,216.0,141.0,213.0,167.0,171.0,164.0,13
178.0,137.0,219.0,142.0,216.0,169.0,175.0,164.0,13
184.0,134.0,225.0,140.0,221.0,167.0,180.0,161.0,13
184.0,135.0,225.0,142.0,221.0,169.0,180.0,162.0,13
188.0,134.0,229.0,142.0,224.0,168.0,183.0,160.0,13
188.0,133.0,230.0,141.0,225.0,167.0,183.0,159.0,13
189.0,134.0,231.0,142.0,226.0,169.0,184.0,161.0,13
190.0,135.0,231.0,144.0,225.0,170.0,184.0,161.0,13
190.0,135.0,231.0,144.0,225.0,170.0,184.0,161.0,13
191.0,135.0,232.0,145.0,226.0,172.0,185.0,162.0,13
201.0,136.0,242.0,147.0,235.0,174.0,193.0,163.0,13
197.0,134.0,238.0,144.0,232.0,170.0,190.0,161.0,13
200.0,135.0,241.0,147.0,234.0,173.0,193.0,161.0,13
200.0,132.0,241.0,143.0,234.0,170.0,193.0,159.0,13
199.0,129.0,240.0,140.0,233.0,166.0,191.0,155.0,13
199.0,137.0,240.0,148.0,233.0,174.0,192.0,163.0,13
198.0,136.0,239.0,147.0,232.0,173.0,191.0,163.0,13
200.0,138.0,241.0,150.0,233.0,176.0,192.0,164.0,13
202.0,140.0,243.0,152.0,235.0,178.0,194.0,166.0,13
197.0,135.0,238.0,146.0,230.0,173.0,190.0,162.0,13
196.0,137.0,236.0,147.0,230.0,174.0,189.0,163.0,13
196.0,136.0,237.0,147.0,230.0,173.0,189.0,162.0,13
200.0,135.0,241.0,147.0,233.0,173.0,192.0,161.0,13
201.0,137.0,241.0,149.0,233.0,175.0,193.0,163.0,13
203.0,138.0,244.0,152.0,235.0,177.0,195.0,164.0,13
203.0,138.0,244.0,151.0,235.0,177.0,194.0,163.0,13
203.0,137.0,243.0,150.0,235.0,176.0,195.0,163.0,13
193.0,128.0,233.0,139.0,226.0,165.0,186.0,154.0,13
209.0,140.0,249.0,155.0,239.0,181.0,199.0,165.0,13
211.0,137.0,251.0,153.0,241.0,178.0,201.0,162.0,13
205.0,139.0,246.0,154.0,236.0,179.0,196.0,165.0,13
199.0,143.0,239.0,156.0,230.0,182.0,190.0,169.0,13
198.0,144.0,238.0,157.0,229.0,183.0,189.0,170.0,13
198.0,143.0,239.0,157.0,230.0,182.0,190.0,169.0,13
199.0,143.0,239.0,156.0,230.0,182.0,190.0,168.0,13
199.0,142.0,238.0,156.0,230.0,181.0,190.0,167.0,13
198.0,143.0,238.0,157.0,230.0,182.0,189.0,168.0,13
199.0,144.0,239.0,158.0,230.0,183.0,190.0,170.0,13
200.0,143.0,240.0,156.0,232.0,182.0,191.0,169.0,13
200.0,144.0,241.0,157.0,232.0,183.0,192.0,170.0,13
202.0,144.0,242.0,158.0,233.0,183.0,193.0,170.0,13
203.0,144.0,243.0,157.0,234.0,183.0,194.0,170.0,13
188.0,183.0,227.0,195.0,219.0,221.0,180.0,209.0,14
189.0,183.0,228.0,195.0,220.0,221.0,181.0,209.0,14
191.0,183.0,230.0,196.0,221.0,222.0,182.0,209.0,14
192.0,183.0,231.0,196.0,222.0,221.0,183.0,208.0,14
192.0,183.0,231.0,197.0,223.0,222.0,184.0,209.0,14
194.0,184.0,233.0,198.0,224.0,223.0,185.0,209.0,14
196.0,183.0,234.0,197.0,225.0,222.0,187.0,208.0,14
197.0,183.0,235.0,197.0,226.0,223.0,188.0,208.0,14
200.0,184.0,239.0,199.0,229.0,224.0,190.0,209.0,14
200.0,185.0,239.0,199.0,230.0,224.0,191.0,210.0,14
200.0,189.0,239.0,204.0,229.0,229.0,190.0,214.0,14
204.0,186.0,244.0,202.0,233.0,227.0,194.0,211.0,14
205.0,185.0,243.0,201.0,233.0,226.0,195.0,210.0,14
210.0,189.0,249.0,206.0,238.0,231.0,199.0,214.0,14
210.0,187.0,249.0,203.0,238.0,228.0,199.0,212.0,14
208.0,185.0,247.0,201.0,237.0,226.0,198.0,210.0,14
209.0,188.0,248.0,205.0,238.0,229.0,198.0,212.0,14
217.0,185.0,256.0,203.0,245.0,227.0,206.0,210.0,14
216.0,185.0,255.0,202.0,244.0,226.0,205.0,209.0,14
221.0,189.0,260.0,207.0,249.0,231.0,210.0,213.0,14
219.0,188.0,258.0,204.0,247.0,229.0,208.0,213.0,14
231.0,183.0,270.0,203.0,258.0,226.0,220.0,207.0,14
220.0,191.0,259.0,207.0,248.0,232.0,210.0,216.0,14
211.0,186.0,253.0,200.0,244.0,226.0,202.0,212.0,14
222.0,186.0,263.0,201.0,253.0,227.0,213.0,211.0,14
189.0,189.0,230.0,196.0,225.0,221.0,184.0,215.0,14
196.0,189.0,237.0,196.0,232.0,223.0,191.0,215.0,14
202.0,188.0,243.0,197.0,237.0,223.0,196.0,214.0,14
196.0,191.0,238.0,200.0,232.0,226.0,191.0,218.0,14
200.0,189.0,241.0,198.0,236.0,224.0,194.0,216.0,14
196.0,196.0,238.0,203.0,233.0,230.0,191.0,223.0,14
194.0,192.0,236.0,199.0,231.0,225.0,190.0,219.0,14
189.0,194.0,230.0,200.0,226.0,227.0,185.0,221.0,14
188.0,192.0,229.0,198.0,225.0,225.0,184.0,219.0,14
193.0,189.0,234.0,197.0,229.0,223.0,188.0,215.0,14
179.0,201.0,220.0,207.0,216.0,234.0,175.0,228.0,14
182.0,193.0,223.0,198.0,219.0,225.0,178.0,219.0,14
186.0,200.0,227.0,205.0,223.0,232.0,182.0,227.0,14
187.0,202.0,228.0,208.0,224.0,235.0,183.0,229.0,14
189.0,201.0,231.0,209.0,226.0,235.0,185.0,228.0,14
190.0,198.0,232.0,206.0,226.0,233.0,184.0,225.0,14
194.0,198.0,236.0,206.0,230.0,233.0,189.0,224.0,14
192.0,196.0,233.0,204.0,228.0,230.0,187.0,222.0,14
189.0,195.0,230.0,201.0,226.0,228.0,185.0,222.0,14
184.0,194.0,225.0,200.0,221.0,227.0,180.0,221.0,14
189.0,191.0,231.0,198.0,226.0,224.0,184.0,218.0,14
197.0,195.0,239.0,202.0,234.0,228.0,193.0,222.0,14
196.0,196.0,237.0,204.0,232.0,230.0,191.0,222.0,14
192.0,203.0,234.0,210.0,229.0,237.0,187.0,230.0,14
186.0,196.0,226.0,201.0,223.0,227.0,183.0,223.0,14
184.0,195.0,226.0,199.0,223.0,226.0,182.0,222.0,14
181.0,198.0,222.0,201.0,220.0,227.0,179.0,225.0,14
182.0,194.0,224.0,198.0,221.0,224.0,180.0,221.0,14
185.0,192.0,226.0,196.0,223.0,223.0,182.0,219.0,14
194.0,193.0,235.0,197.0,232.0,224.0,191.0,220.0,14
185.0,197.0,226.0,200.0,224.0,227.0,183.0,225.0,14
194.0,192.0,235.0,196.0,232.0,221.0,191.0,218.0,14
190.0,183.0,231.0,186.0,228.0,213.0,188.0,209.0,14
197.0,179.0,238.0,184.0,235.0,211.0,194.0,206.0,14
193.0,180.0,234.0,186.0,230.0,212.0,189.0,206.0,14
185.0,184.0,226.0,187.0,224.0,213.0,183.0,211.0,14
178.0,182.0,219.0,184.0,218.0,211.0,177.0,210.0,14
175.0,189.0,215.0,189.0,215.0,215.0,175.0,215.0,14
183.0,188.0,223.0,188.0,223.0,214.0,183.0,214.0,14
177.0,181.0,217.0,181.0,217.0,208.0,177.0,208.0,14
176.0,184.0,216.0,184.0,216.0,211.0,176.0,211.0,14
179.0,181.0,219.0,181.0,219.0,208.0,179.0,208.0,14
179.0,194.0,219.0,194.0,219.0,221.0,179.0,221.0,14
185.0,192.0,225.0,192.0,225.0,218.0,185.0,218.0,14
187.0,188.0,227.0,191.0,225.0,217.0,185.0,215.0,14
193.0,182.0,233.0,185.0,232.0,211.0,191.0,209.0,14
194.0,183.0,234.0,188.0,231.0,214.0,191.0,210.0,14
200.0,193.0,241.0,198.0,237.0,225.0,197.0,220.0,14
206.0,194.0,247.0,199.0,244.0,226.0,203.0,221.0,14
201.0,194.0,242.0,198.0,239.0,224.0,198.0,220.0,14
202.0,195.0,243.0,198.0,241.0,225.0,200.0,222.0,14
200.0,199.0,241.0,202.0,239.0,228.0,198.0,226.0,14
194.0,207.0,235.0,207.0,235.0,234.0,194.0,234.0,14
178.0,204.0,218.0,201.0,221.0,229.0,181.0,232.0,14
176.0,211.0,217.0,207.0,219.0,235.0,179.0,238.0,14
178.0,203.0,218.0,199.0,221.0,226.0,181.0,230.0,14
178.0,204.0,218.0,202.0,220.0,230.0,180.0,232.0,14
182.0,199.0,221.0,199.0,221.0,226.0,182.0,226.0,14
184.0,200.0,224.0,200.0,224.0,228.0,184.0,228.0,14
177.0,203.0,216.0,200.0,218.0,228.0,179.0,230.0,14
173.0,205.0,213.0,201.0,216.0,228.0,176.0,231.0,14
172.0,207.0,211.0,202.0,214.0,229.0,175.0,234.0,14
178.0,201.0,217.0,198.0,219.0,226.0,180.0,228.0,14
181.0,201.0,220.0,198.0,222.0,226.0,183.0,228.0,14
180.0,211.0,219.0,211.0,219.0,238.0,180.0,238.0,14
179.0,204.0,219.0,202.0,221.0,229.0,181.0,231.0,14
173.0,206.0,212.0,203.0,214.0,230.0,175.0,233.0,14
173.0,209.0,213.0,206.0,216.0,234.0,176.0,237.0,14
182.0,213.0,221.0,209.0,224.0,236.0,185.0,239.0,14
176.0,201.0,215.0,198.0,217.0,225.0,178.0,228.0,14
174.0,207.0,212.0,204.0,215.0,232.0,177.0,235.0,14
181.0,196.0,219.0,196.0,219.0,225.0,181.0,225.0,14
182.0,198.0,220.0,195.0,222.0,223.0,184.0,226.0,14
182.0,203.0,220.0,201.0,222.0,228.0,184.0,231.0,14
179.0,206.0,218.0,203.0,221.0,230.0,182.0,233.0,14
170.0,212.0,208.0,207.0,212.0,234.0,174.0,239.0,14
173.0,206.0,211.0,200.0,215.0,228.0,177.0,233.0,14
161.0,205.0,200.0,199.0,204.0,226.0,165.0,231.0,14
160.0,201.0,198.0,195.0,203.0,222.0,164.0,228.0,14
158.0,202.0,197.0,195.0,202.0,221.0,163.0,228.0,14
155.0,208.0,194.0,199.0,200.0,226.0,161.0,235.0,14
147.0,212.0,185.0,203.0,192.0,230.0,153.0,239.0,14
142.0,204.0,181.0,196.0,187.0,222.0,148.0,230.0,14
154.0,205.0,193.0,198.0,198.0,224.0,159.0,231.0,14
160.0,194.0,198.0,190.0,201.0,217.0,163.0,221.0,14
160.0,189.0,198.0,184.0,202.0,211.0,164.0,216.0,14
162.0,192.0,200.0,186.0,205.0,213.0,167.0,219.0,14
177.0,186.0,214.0,182.0,217.0,209.0,180.0,213.0,14
179.0,187.0,215.0,187.0,215.0,215.0,179.0,215.0,14
181.0,190.0,218.0,188.0,220.0,214.0,183.0,216.0,14
180.0,197.0,217.0,194.0,219.0,222.0,182.0,224.0,14
182.0,196.0,220.0,193.0,222.0,220.0,184.0,223.0,14
176.0,202.0,213.0,198.0,216.0,225.0,179.0,229.0,14
181.0,198.0,219.0,195.0,222.0,222.0,184.0,225.0,14
174.0,201.0,212.0,196.0,216.0,223.0,178.0,228.0,14
181.0,199.0,219.0,194.0,223.0,220.0,185.0,225.0,14
180.0,200.0,217.0,195.0,221.0,222.0,184.0,226.0,14
181.0,202.0,218.0,198.0,221.0,225.0,184.0,228.0,14
175.0,207.0,212.0,203.0,215.0,231.0,178.0,235.0,14
171.0,207.0,208.0,202.0,212.0,229.0,175.0,234.0,14
170.0,207.0,207.0,203.0,210.0,231.0,173.0,234.0,14
176.0,205.0,212.0,202.0,214.0,230.0,178.0,232.0,14
182.0,203.0,218.0,203.0,218.0,231.0,182.0,231.0,14
180.0,202.0,217.0,199.0,219.0,227.0,182.0,229.0,14
182.0,203.0,219.0,201.0,221.0,228.0,184.0,230.0,14
186.0,203.0,222.0,203.0,222.0,231.0,186.0,231.0,14
185.0,206.0,222.0,204.0,224.0,231.0,187.0,233.0,14
185.0,211.0,222.0,211.0,222.0,239.0,185.0,239.0,14
108.0,139.0,142.0,131.0,148.0,154.0,113.0,163.0,15
108.0,139.0,142.0,131.0,148.0,154.0,114.0,162.0,15
108.0,140.0,142.0,132.0,148.0,155.0,113.0,163.0,15
108.0,140.0,142.0,132.0,148.0,155.0,114.0,163.0,15
108.0,140.0,143.0,132.0,148.0,156.0,114.0,163.0,15
109.0,141.0,143.0,133.0,149.0,156.0,114.0,164.0,15
110.0,141.0,144.0,133.0,149.0,156.0,115.0,164.0,15
110.0,140.0,145.0,132.0,150.0,156.0,115.0,163.0,15
111.0,142.0,145.0,135.0,150.0,159.0,116.0,166.0,15
108.0,154.0,143.0,147.0,148.0,171.0,113.0,178.0,15
109.0,156.0,144.0,150.0,148.0,174.0,113.0,180.0,15
108.0,158.0,143.0,153.0,146.0,177.0,112.0,182.0,15
109.0,161.0,145.0,155.0,149.0,179.0,113.0,184.0,15
112.0,158.0,148.0,154.0,151.0,179.0,115.0,183.0,15
112.0,160.0,148.0,156.0,151.0,181.0,115.0,184.0,15
114.0,160.0,149.0,156.0,152.0,180.0,117.0,183.0,15
116.0,160.0,152.0,157.0,154.0,181.0,118.0,184.0,15
119.0,159.0,154.0,157.0,156.0,181.0,121.0,183.0,15
125.0,162.0,160.0,160.0,161.0,184.0,126.0,185.0,15
130.0,161.0,166.0,161.0,166.0,185.0,130.0,185.0,15
136.0,162.0,172.0,165.0,170.0,189.0,134.0,186.0,15
138.0,157.0,175.0,160.0,173.0,183.0,136.0,181.0,15
129.0,173.0,165.0,175.0,164.0,198.0,128.0,197.0,15
133.0,180.0,170.0,180.0,170.0,204.0,133.0,204.0,15
131.0,182.0,167.0,182.0,167.0,206.0,131.0,206.0,15
132.0,178.0,168.0,178.0,168.0,202.0,132.0,202.0,15
134.0,182.0,171.0,185.0,169.0,209.0,132.0,206.0,15
135.0,200.0,172.0,206.0,168.0,232.0,131.0,226.0,15
145.0,203.0,182.0,211.0,177.0,235.0,140.0,227.0,15
136.0,204.0,173.0,208.0,170.0,233.0,133.0,229.0,15
135.0,210.0,173.0,214.0,171.0,239.0,133.0,236.0,15
132.0,214.0,170.0,218.0,168.0,242.0,130.0,238.0,15
130.0,213.0,169.0,217.0,167.0,242.0,128.0,238.0,15
134.0,209.0,172.0,214.0,169.0,239.0,131.0,235.0,15
133.0,211.0,171.0,216.0,168.0,241.0,130.0,236.0,15
132.0,208.0,170.0,212.0,168.0,237.0,129.0,234.0,15
133.0,211.0,171.0,216.0,168.0,241.0,130.0,237.0,15
132.0,213.0,171.0,217.0,168.0,241.0,129.0,238.0,15
128.0,213.0,167.0,217.0,165.0,242.0,126.0,238.0,15
132.0,209.0,170.0,214.0,167.0,239.0,129.0,234.0,15
135.0,210.0,173.0,216.0,169.0,241.0,131.0,236.0,15
132.0,209.0,171.0,214.0,168.0,238.0,129.0,234.0,15
136.0,205.0,174.0,211.0,170.0,237.0,132.0,231.0,15
132.0,209.0,170.0,215.0,166.0,240.0,128.0,234.0,15
133.0,212.0,171.0,218.0,167.0,243.0,129.0,237.0,15
120.0,213.0,158.0,217.0,156.0,242.0,117.0,238.0,15
121.0,212.0,160.0,217.0,157.0,243.0,118.0,238.0,15
121.0,211.0,160.0,216.0,157.0,241.0,118.0,237.0,15
120.0,211.0,159.0,216.0,156.0,242.0,117.0,237.0,15
124.0,212.0,163.0,218.0,159.0,243.0,121.0,238.0,15
128.0,212.0,165.0,218.0,162.0,243.0,124.0,237.0,15
124.0,212.0,162.0,218.0,158.0,243.0,120.0,237.0,15
127.0,210.0,165.0,217.0,160.0,242.0,122.0,235.0,15
129.0,210.0,166.0,217.0,162.0,242.0,124.0,235.0,15
134.0,209.0,172.0,217.0,166.0,242.0,129.0,234.0,15
129.0,206.0,167.0,213.0,162.0,238.0,124.0,231.0,15
130.0,203.0,167.0,210.0,162.0,236.0,125.0,229.0,15
136.0,204.0,173.0,212.0,168.0,238.0,130.0,230.0,15
136.0,204.0,173.0,213.0,168.0,238.0,130.0,229.0,15
137.0,203.0,174.0,212.0,168.0,237.0,131.0,228.0,15
135.0,197.0,172.0,206.0,166.0,231.0,129.0,222.0,15
135.0,197.0,172.0,205.0,167.0,230.0,129.0,222.0,15
131.0,199.0,168.0,206.0,163.0,231.0,126.0,224.0,15
133.0,186.0,170.0,192.0,167.0,217.0,130.0,211.0,15
139.0,183.0,177.0,189.0,173.0,213.0,136.0,208.0,15
134.0,189.0,171.0,195.0,167.0,222.0,130.0,215.0,15
130.0,199.0,167.0,207.0,162.0,232.0,125.0,224.0,15
128.0,198.0,165.0,206.0,160.0,231.0,123.0,223.0,15
130.0,195.0,168.0,202.0,163.0,227.0,125.0,220.0,15
135.0,193.0,172.0,201.0,166.0,226.0,129.0,218.0,15
136.0,194.0,173.0,204.0,167.0,229.0,130.0,219.0,15
140.0,192.0,177.0,201.0,170.0,226.0,134.0,217.0,15
138.0,187.0,175.0,196.0,169.0,220.0,133.0,212.0,15
132.0,189.0,169.0,197.0,163.0,222.0,127.0,214.0,15
131.0,189.0,168.0,196.0,163.0,222.0,127.0,215.0,15
133.0,188.0,169.0,195.0,164.0,221.0,128.0,214.0,15
130.0,195.0,166.0,203.0,161.0,229.0,124.0,221.0,15
127.0,195.0,163.0,204.0,157.0,229.0,121.0,220.0,15
126.0,195.0,162.0,204.0,156.0,229.0,119.0,220.0,15
129.0,193.0,165.0,202.0,158.0,227.0,122.0,218.0,15
128.0,197.0,165.0,206.0,158.0,231.0,122.0,222.0,15
126.0,203.0,162.0,212.0,156.0,237.0,120.0,229.0,15
132.0,205.0,168.0,216.0,161.0,241.0,125.0,230.0,15
130.0,206.0,166.0,217.0,158.0,242.0,122.0,231.0,15
132.0,207.0,167.0,219.0,159.0,244.0,123.0,232.0,15
123.0,205.0,159.0,216.0,152.0,241.0,116.0,230.0,15
123.0,203.0,159.0,214.0,151.0,239.0,116.0,228.0,15
124.0,202.0,159.0,212.0,152.0,237.0,116.0,227.0,15
123.0,201.0,159.0,211.0,151.0,236.0,116.0,226.0,15
124.0,201.0,159.0,212.0,152.0,237.0,116.0,227.0,15
123.0,199.0,159.0,210.0,151.0,235.0,116.0,224.0,15
124.0,196.0,160.0,206.0,153.0,231.0,117.0,221.0,15
125.0,194.0,160.0,204.0,153.0,229.0,118.0,218.0,15
123.0,191.0,159.0,200.0,152.0,225.0,116.0,215.0,15
126.0,190.0,162.0,200.0,155.0,225.0,119.0,215.0,15
126.0,194.0,162.0,204.0,155.0,230.0,119.0,219.0,15
128.0,199.0,164.0,210.0,156.0,235.0,120.0,224.0,15
130.0,204.0,166.0,215.0,158.0,240.0,122.0,229.0,15
131.0,138.0,162.0,128.0,169.0,150.0,138.0,159.0,16
130.0,140.0,161.0,131.0,168.0,152.0,137.0,162.0,16
130.0,142.0,161.0,132.0,168.0,153.0,137.0,163.0,16
130.0,145.0,162.0,136.0,168.0,157.0,137.0,167.0,16
133.0,149.0,165.0,140.0,171.0,162.0,140.0,171.0,16
136.0,154.0,167.0,146.0,173.0,168.0,142.0,176.0,16
135.0,153.0,166.0,145.0,172.0,167.0,141.0,175.0,16
134.0,157.0,166.0,149.0,172.0,171.0,140.0,179.0,16
133.0,153.0,164.0,144.0,170.0,166.0,139.0,175.0,16
132.0,151.0,164.0,143.0,170.0,165.0,138.0,173.0,16
134.0,152.0,166.0,144.0,171.0,167.0,140.0,174.0,16
135.0,151.0,166.0,143.0,172.0,165.0,140.0,172.0,16
137.0,153.0,169.0,144.0,175.0,166.0,143.0,174.0,16
135.0,146.0,168.0,137.0,174.0,159.0,141.0,167.0,16
138.0,144.0,170.0,137.0,175.0,160.0,142.0,166.0,16
139.0,147.0,171.0,140.0,176.0,162.0,144.0,169.0,16
138.0,146.0,171.0,139.0,176.0,162.0,143.0,168.0,16
140.0,147.0,172.0,141.0,177.0,164.0,145.0,170.0,16
144.0,144.0,176.0,138.0,180.0,160.0,148.0,166.0,16
144.0,143.0,176.0,137.0,180.0,159.0,148.0,165.0,16
145.0,142.0,178.0,137.0,182.0,160.0,149.0,165.0,16
144.0,144.0,177.0,138.0,181.0,161.0,148.0,166.0,16
145.0,147.0,178.0,142.0,182.0,165.0,149.0,170.0,16
145.0,148.0,178.0,143.0,182.0,166.0,149.0,171.0,16
144.0,149.0,177.0,144.0,180.0,166.0,148.0,171.0,16
147.0,146.0,179.0,141.0,183.0,163.0,150.0,168.0,16
148.0,146.0,181.0,142.0,184.0,165.0,151.0,169.0,16
153.0,145.0,186.0,141.0,189.0,163.0,156.0,167.0,16
150.0,148.0,182.0,144.0,185.0,167.0,153.0,170.0,16
156.0,145.0,188.0,142.0,190.0,165.0,158.0,168.0,16
158.0,142.0,190.0,140.0,192.0,162.0,160.0,164.0,16
157.0,136.0,190.0,133.0,192.0,156.0,159.0,158.0,16
158.0,134.0,190.0,131.0,192.0,153.0,160.0,156.0,16
163.0,133.0,195.0,133.0,195.0,156.0,163.0,156.0,16
162.0,130.0,195.0,128.0,197.0,151.0,164.0,153.0,16
164.0,135.0,197.0,135.0,197.0,157.0,164.0,157.0,16
164.0,136.0,197.0,136.0,197.0,159.0,164.0,159.0,16
161.0,139.0,194.0,139.0,194.0,161.0,161.0,161.0,16
159.0,139.0,191.0,137.0,192.0,160.0,160.0,161.0,16
156.0,141.0,190.0,139.0,192.0,162.0,158.0,164.0,16
159.0,144.0,192.0,142.0,193.0,165.0,160.0,166.0,16
155.0,142.0,189.0,140.0,190.0,163.0,157.0,165.0,16
157.0,143.0,191.0,142.0,192.0,164.0,159.0,166.0,16
156.0,142.0,190.0,140.0,192.0,163.0,158.0,165.0,16
160.0,140.0,192.0,138.0,194.0,161.0,161.0,163.0,16
163.0,137.0,196.0,135.0,198.0,158.0,165.0,160.0,16
161.0,141.0,194.0,141.0,194.0,164.0,161.0,164.0,16
163.0,149.0,196.0,149.0,196.0,171.0,163.0,171.0,16
169.0,144.0,203.0,144.0,203.0,166.0,169.0,166.0,16
169.0,141.0,204.0,143.0,203.0,165.0,168.0,163.0,16
162.0,146.0,197.0,148.0,196.0,170.0,161.0,168.0,16
163.0,150.0,198.0,150.0,198.0,172.0,163.0,172.0,16
161.0,144.0,195.0,144.0,195.0,166.0,161.0,166.0,16
166.0,141.0,200.0,141.0,200.0,163.0,166.0,163.0,16
168.0,135.0,202.0,137.0,201.0,159.0,167.0,158.0,16
166.0,134.0,201.0,136.0,200.0,158.0,165.0,157.0,16
163.0,137.0,198.0,139.0,197.0,161.0,162.0,160.0,16
165.0,132.0,200.0,134.0,199.0,156.0,164.0,155.0,16
166.0,135.0,200.0,138.0,198.0,160.0,164.0,158.0,16
170.0,131.0,204.0,134.0,203.0,156.0,168.0,153.0,16
177.0,129.0,212.0,132.0,210.0,154.0,175.0,151.0,16
183.0,129.0,218.0,133.0,216.0,156.0,181.0,152.0,16
191.0,125.0,226.0,131.0,223.0,152.0,188.0,147.0,16
181.0,147.0,216.0,152.0,213.0,174.0,178.0,169.0,16
182.0,140.0,216.0,146.0,212.0,169.0,178.0,162.0,16
173.0,144.0,207.0,150.0,204.0,172.0,170.0,166.0,16
169.0,146.0,204.0,151.0,200.0,173.0,166.0,168.0,16
176.0,143.0,210.0,149.0,206.0,171.0,172.0,165.0,16
165.0,146.0,200.0,151.0,197.0,173.0,162.0,168.0,16
164.0,143.0,198.0,148.0,195.0,170.0,161.0,165.0,16
164.0,142.0,198.0,146.0,195.0,168.0,161.0,164.0,16
168.0,144.0,202.0,149.0,199.0,172.0,165.0,167.0,16
172.0,145.0,206.0,151.0,202.0,174.0,168.0,168.0,16
169.0,142.0,204.0,147.0,201.0,169.0,166.0,164.0,16
174.0,141.0,208.0,147.0,204.0,169.0,170.0,163.0,16
174.0,146.0,208.0,153.0,204.0,175.0,170.0,169.0,16
170.0,143.0,204.0,149.0,200.0,171.0,166.0,166.0,16
168.0,147.0,202.0,152.0,199.0,174.0,165.0,169.0,16
179.0,137.0,213.0,143.0,210.0,165.0,176.0,159.0,16
181.0,137.0,215.0,144.0,210.0,166.0,176.0,159.0,16
176.0,141.0,211.0,147.0,207.0,169.0,173.0,163.0,16
168.0,149.0,203.0,155.0,199.0,177.0,165.0,172.0,16
165.0,144.0,200.0,150.0,196.0,172.0,162.0,167.0,16
167.0,147.0,201.0,153.0,197.0,176.0,163.0,170.0,16
169.0,147.0,204.0,152.0,200.0,174.0,166.0,169.0,16
171.0,147.0,205.0,153.0,202.0,175.0,167.0,169.0,16
174.0,147.0,208.0,154.0,204.0,176.0,169.0,169.0,16
180.0,144.0,214.0,152.0,209.0,174.0,175.0,166.0,16
178.0,140.0,212.0,147.0,208.0,170.0,174.0,162.0,16
172.0,152.0,207.0,159.0,202.0,181.0,168.0,175.0,16
171.0,149.0,205.0,156.0,200.0,178.0,166.0,172.0,16
176.0,143.0,210.0,150.0,205.0,173.0,171.0,166.0,16
182.0,141.0,217.0,150.0,211.0,172.0,177.0,163.0,16
182.0,139.0,216.0,147.0,211.0,169.0,177.0,161.0,16
168.0,145.0,202.0,152.0,197.0,174.0,163.0,167.0,16
167.0,146.0,202.0,153.0,197.0,175.0,163.0,168.0,16
169.0,146.0,204.0,152.0,200.0,175.0,165.0,169.0,16
175.0,146.0,209.0,154.0,204.0,177.0,170.0,169.0,16
170.0,150.0,204.0,158.0,199.0,180.0,165.0,173.0,16
174.0,143.0,208.0,150.0,203.0,172.0,169.0,165.0,16
177.0,142.0,212.0,150.0,207.0,172.0,172.0,164.0,16
179.0,141.0,213.0,149.0,208.0,171.0,174.0,164.0,16
174.0,150.0,208.0,158.0,202.0,181.0,168.0,172.0,16
189.0,137.0,223.0,146.0,218.0,168.0,184.0,159.0,16
183.0,139.0,217.0,147.0,212.0,169.0,177.0,161.0,16
175.0,137.0,209.0,144.0,204.0,167.0,170.0,160.0,16
172.0,145.0,207.0,153.0,202.0,175.0,167.0,168.0,16
174.0,146.0,209.0,154.0,204.0,176.0,170.0,169.0,16
178.0,147.0,212.0,156.0,206.0,178.0,172.0,169.0,16
180.0,146.0,214.0,156.0,208.0,178.0,174.0,168.0,16
178.0,147.0,211.0,156.0,206.0,178.0,172.0,169.0,16
182.0,143.0,217.0,152.0,211.0,173.0,177.0,165.0,16
175.0,141.0,209.0,148.0,204.0,170.0,170.0,163.0,16
171.0,138.0,205.0,145.0,200.0,167.0,166.0,160.0,16
177.0,133.0,211.0,139.0,207.0,161.0,173.0,156.0,16
179.0,134.0,214.0,141.0,209.0,163.0,175.0,156.0,16
181.0,138.0,215.0,146.0,210.0,168.0,176.0,160.0,16
179.0,144.0,212.0,153.0,206.0,176.0,172.0,167.0,16
177.0,155.0,210.0,165.0,203.0,187.0,170.0,177.0,16
175.0,153.0,209.0,163.0,202.0,185.0,169.0,175.0,16
173.0,155.0,206.0,165.0,200.0,187.0,166.0,177.0,16
175.0,158.0,209.0,168.0,203.0,190.0,169.0,181.0,16
176.0,157.0,209.0,167.0,203.0,189.0,170.0,179.0,16
178.0,155.0,211.0,165.0,205.0,187.0,171.0,177.0,16
175.0,151.0,208.0,161.0,202.0,182.0,169.0,173.0,16
176.0,147.0,209.0,156.0,203.0,178.0,170.0,169.0,16
177.0,148.0,210.0,158.0,203.0,180.0,170.0,170.0,16
177.0,155.0,211.0,165.0,204.0,188.0,170.0,178.0,16
178.0,153.0,211.0,163.0,204.0,185.0,171.0,175.0,16
179.0,153.0,212.0,163.0,205.0,185.0,172.0,175.0,16
180.0,155.0,213.0,165.0,206.0,187.0,173.0,177.0,16
181.0,156.0,214.0,166.0,207.0,189.0,174.0,178.0,16
178.0,155.0,211.0,165.0,204.0,187.0,171.0,177.0,16
179.0,155.0,212.0,166.0,205.0,188.0,172.0,177.0,16
178.0,156.0,211.0,166.0,204.0,188.0,171.0,178.0,16
178.0,154.0,212.0,164.0,205.0,187.0,172.0,176.0,16
180.0,156.0,213.0,166.0,206.0,188.0,173.0,178.0,16
180.0,158.0,213.0,168.0,207.0,190.0,173.0,180.0,16
180.0,158.0,213.0,168.0,206.0,190.0,173.0,180.0,16
177.0,157.0,211.0,166.0,204.0,189.0,171.0,180.0,16
175.0,156.0,208.0,164.0,202.0,187.0,169.0,179.0,16
174.0,157.0,207.0,165.0,201.0,188.0,168.0,179.0,16
173.0,158.0,207.0,167.0,201.0,189.0,168.0,180.0,16
126.0,148.0,156.0,140.0,161.0,160.0,131.0,169.0,17
126.0,152.0,156.0,144.0,162.0,165.0,132.0,173.0,17
127.0,153.0,158.0,145.0,163.0,166.0,133.0,174.0,17
128.0,154.0,157.0,146.0,163.0,167.0,133.0,174.0,17
126.0,156.0,156.0,148.0,162.0,169.0,132.0,177.0,17
125.0,156.0,155.0,148.0,161.0,169.0,131.0,177.0,17
125.0,157.0,155.0,149.0,161.0,170.0,131.0,178.0,17
126.0,157.0,157.0,148.0,163.0,169.0,132.0,178.0,17
126.0,155.0,156.0,147.0,162.0,168.0,132.0,176.0,17
123.0,158.0,154.0,150.0,160.0,171.0,129.0,179.0,17
123.0,157.0,153.0,149.0,159.0,170.0,128.0,178.0,17
117.0,156.0,147.0,147.0,153.0,168.0,123.0,177.0,17
118.0,155.0,149.0,147.0,155.0,168.0,124.0,176.0,17
119.0,156.0,150.0,147.0,156.0,168.0,125.0,177.0,17
121.0,154.0,152.0,147.0,157.0,167.0,126.0,175.0,17
115.0,154.0,146.0,145.0,152.0,166.0,121.0,174.0,17
111.0,155.0,142.0,146.0,148.0,166.0,117.0,175.0,17
118.0,155.0,149.0,147.0,155.0,168.0,124.0,176.0,17
118.0,165.0,149.0,156.0,155.0,177.0,124.0,185.0,17
118.0,163.0,149.0,155.0,154.0,176.0,123.0,184.0,17
114.0,166.0,146.0,158.0,152.0,179.0,120.0,187.0,17
108.0,162.0,139.0,152.0,145.0,172.0,115.0,182.0,17
114.0,158.0,145.0,149.0,152.0,169.0,121.0,179.0,17
111.0,161.0,142.0,151.0,148.0,172.0,117.0,182.0,17
106.0,164.0,138.0,154.0,145.0,175.0,113.0,185.0,17
109.0,161.0,140.0,151.0,146.0,172.0,115.0,181.0,17
112.0,157.0,143.0,147.0,149.0,168.0,118.0,177.0,17
109.0,156.0,140.0,146.0,146.0,167.0,115.0,176.0,17
113.0,158.0,144.0,149.0,150.0,170.0,119.0,179.0,17
109.0,160.0,141.0,150.0,147.0,171.0,116.0,181.0,17
114.0,162.0,146.0,152.0,152.0,173.0,120.0,182.0,17
117.0,161.0,148.0,152.0,154.0,173.0,122.0,182.0,17
119.0,160.0,151.0,153.0,156.0,174.0,124.0,181.0,17
122.0,159.0,154.0,152.0,158.0,173.0,126.0,180.0,17
123.0,157.0,155.0,150.0,160.0,171.0,128.0,178.0,17
124.0,156.0,155.0,150.0,159.0,171.0,128.0,177.0,17
125.0,159.0,157.0,153.0,161.0,175.0,129.0,180.0,17
124.0,161.0,157.0,156.0,161.0,178.0,128.0,183.0,17
132.0,158.0,163.0,155.0,165.0,177.0,134.0,179.0,17
139.0,153.0,171.0,151.0,173.0,173.0,141.0,175.0,17
142.0,152.0,173.0,152.0,173.0,174.0,142.0,174.0,17
141.0,154.0,172.0,152.0,173.0,174.0,142.0,175.0,17
144.0,154.0,175.0,154.0,175.0,175.0,144.0,175.0,17
137.0,155.0,169.0,153.0,171.0,175.0,139.0,177.0,17
136.0,162.0,168.0,159.0,170.0,181.0,138.0,183.0,17
137.0,162.0,169.0,160.0,171.0,182.0,139.0,184.0,17
142.0,164.0,173.0,164.0,173.0,186.0,142.0,186.0,17
142.0,162.0,174.0,162.0,174.0,183.0,142.0,183.0,17
142.0,160.0,174.0,160.0,174.0,181.0,142.0,181.0,17
140.0,160.0,172.0,158.0,173.0,180.0,141.0,181.0,17
139.0,164.0,170.0,162.0,171.0,184.0,140.0,185.0,17
139.0,163.0,171.0,161.0,172.0,183.0,140.0,184.0,17
137.0,163.0,169.0,161.0,170.0,183.0,138.0,184.0,17
138.0,158.0,170.0,156.0,171.0,178.0,139.0,179.0,17
140.0,157.0,172.0,155.0,173.0,177.0,141.0,178.0,17
142.0,159.0,175.0,161.0,174.0,183.0,141.0,181.0,17
145.0,156.0,178.0,158.0,177.0,179.0,144.0,178.0,17
144.0,158.0,177.0,160.0,176.0,181.0,143.0,179.0,17
145.0,159.0,178.0,161.0,177.0,182.0,144.0,181.0,17
150.0,156.0,183.0,159.0,181.0,180.0,149.0,178.0,17
149.0,159.0,181.0,162.0,180.0,182.0,147.0,180.0,17
148.0,159.0,181.0,162.0,179.0,183.0,147.0,181.0,17
145.0,161.0,178.0,163.0,177.0,185.0,144.0,184.0,17
142.0,163.0,174.0,163.0,174.0,184.0,142.0,184.0,17
145.0,161.0,178.0,164.0,176.0,186.0,144.0,183.0,17
149.0,156.0,181.0,159.0,180.0,179.0,147.0,177.0,17
151.0,156.0,183.0,160.0,181.0,181.0,148.0,178.0,17
146.0,151.0,179.0,154.0,177.0,175.0,145.0,172.0,17
150.0,156.0,183.0,160.0,181.0,181.0,148.0,178.0,17
152.0,160.0,184.0,165.0,181.0,186.0,149.0,181.0,17
155.0,161.0,187.0,166.0,184.0,187.0,152.0,182.0,17
155.0,160.0,188.0,165.0,185.0,186.0,152.0,182.0,17
154.0,158.0,187.0,162.0,184.0,183.0,152.0,179.0,17
155.0,158.0,187.0,163.0,184.0,184.0,152.0,180.0,17
154.0,162.0,187.0,166.0,184.0,188.0,151.0,184.0,17
160.0,160.0,193.0,166.0,189.0,187.0,156.0,181.0,17
160.0,154.0,193.0,159.0,190.0,180.0,157.0,176.0,17
160.0,159.0,192.0,165.0,189.0,186.0,156.0,180.0,17
160.0,159.0,193.0,165.0,189.0,186.0,157.0,181.0,17
162.0,159.0,194.0,166.0,190.0,187.0,157.0,180.0,17
153.0,159.0,185.0,164.0,182.0,186.0,150.0,181.0,17
147.0,162.0,180.0,166.0,177.0,188.0,145.0,184.0,17
157.0,162.0,189.0,168.0,186.0,189.0,153.0,184.0,17
165.0,155.0,198.0,162.0,193.0,183.0,161.0,176.0,17
161.0,155.0,193.0,162.0,189.0,183.0,157.0,176.0,17
153.0,157.0,185.0,161.0,183.0,182.0,151.0,179.0,17
152.0,157.0,185.0,161.0,182.0,183.0,150.0,179.0,17
149.0,162.0,182.0,166.0,179.0,188.0,147.0,184.0,17
150.0,162.0,183.0,166.0,180.0,187.0,148.0,183.0,17
153.0,157.0,185.0,161.0,183.0,182.0,150.0,179.0,17
154.0,162.0,186.0,166.0,184.0,187.0,151.0,183.0,17
151.0,160.0,184.0,164.0,181.0,186.0,148.0,182.0,17
153.0,153.0,186.0,157.0,183.0,178.0,151.0,175.0,17
147.0,160.0,180.0,164.0,177.0,185.0,145.0,182.0,17
143.0,160.0,176.0,164.0,173.0,186.0,141.0,182.0,17
144.0,159.0,176.0,162.0,174.0,184.0,142.0,181.0,17
148.0,160.0,180.0,164.0,177.0,185.0,145.0,182.0,17
149.0,158.0,182.0,162.0,179.0,184.0,146.0,180.0,17
145.0,157.0,177.0,160.0,175.0,182.0,143.0,179.0,17
148.0,155.0,180.0,159.0,177.0,180.0,145.0,176.0,17
154.0,156.0,185.0,161.0,183.0,183.0,151.0,178.0,17
158.0,153.0,190.0,159.0,186.0,180.0,154.0,174.0,17
157.0,154.0,189.0,160.0,185.0,180.0,153.0,175.0,17
150.0,156.0,182.0,161.0,179.0,183.0,147.0,178.0,17
145.0,156.0,177.0,160.0,174.0,182.0,143.0,178.0,17
153.0,158.0,185.0,163.0,181.0,185.0,149.0,180.0,17
149.0,160.0,181.0,165.0,178.0,186.0,146.0,182.0,17
153.0,156.0,185.0,161.0,182.0,182.0,150.0,178.0,17
151.0,155.0,183.0,160.0,180.0,181.0,148.0,176.0,17
148.0,155.0,180.0,159.0,177.0,180.0,145.0,176.0,17
144.0,156.0,176.0,159.0,173.0,181.0,142.0,178.0,17
144.0,152.0,175.0,155.0,173.0,177.0,142.0,175.0,17
145.0,154.0,177.0,158.0,174.0,179.0,142.0,176.0,17
144.0,157.0,176.0,160.0,173.0,182.0,142.0,179.0,17
141.0,154.0,173.0,157.0,170.0,179.0,138.0,176.0,17
144.0,152.0,175.0,156.0,172.0,177.0,141.0,173.0,17
151.0,147.0,183.0,152.0,179.0,173.0,148.0,168.0,17
147.0,151.0,178.0,156.0,175.0,178.0,143.0,172.0,17
147.0,150.0,178.0,156.0,174.0,177.0,143.0,171.0,17
150.0,150.0,181.0,156.0,177.0,178.0,146.0,171.0,17
149.0,148.0,180.0,155.0,175.0,176.0,144.0,170.0,17
149.0,150.0,180.0,156.0,175.0,177.0,145.0,171.0,17
149.0,150.0,180.0,156.0,175.0,177.0,144.0,171.0,17
147.0,148.0,178.0,155.0,173.0,177.0,142.0,170.0,17
148.0,148.0,179.0,155.0,174.0,176.0,143.0,169.0,17
148.0,148.0,179.0,155.0,174.0,176.0,143.0,169.0,17
147.0,148.0,177.0,155.0,172.0,176.0,142.0,169.0,17
145.0,148.0,176.0,155.0,171.0,177.0,140.0,170.0,17
146.0,144.0,176.0,151.0,171.0,173.0,141.0,166.0,17
145.0,145.0,175.0,153.0,170.0,174.0,139.0,166.0,17
143.0,145.0,174.0,153.0,169.0,173.0,138.0,166.0,17
176.0,161.0,206.0,169.0,201.0,189.0,171.0,181.0,18
176.0,160.0,206.0,168.0,201.0,188.0,171.0,180.0,18
176.0,157.0,206.0,165.0,200.0,185.0,171.0,177.0,18
177.0,155.0,207.0,163.0,201.0,183.0,171.0,175.0,18
178.0,155.0,208.0,164.0,202.0,183.0,172.0,175.0,18
177.0,155.0,207.0,163.0,202.0,183.0,172.0,175.0,18
177.0,151.0,207.0,160.0,201.0,179.0,172.0,171.0,18
177.0,151.0,206.0,159.0,201.0,179.0,172.0,171.0,18
177.0,154.0,206.0,163.0,201.0,182.0,171.0,174.0,18
177.0,155.0,206.0,164.0,200.0,184.0,170.0,175.0,18
175.0,157.0,205.0,165.0,200.0,185.0,170.0,178.0,18
173.0,157.0,203.0,164.0,198.0,185.0,168.0,178.0,18
168.0,161.0,198.0,167.0,194.0,187.0,164.0,181.0,18
168.0,161.0,198.0,167.0,194.0,187.0,164.0,181.0,18
166.0,162.0,197.0,167.0,193.0,188.0,163.0,183.0,18
167.0,161.0,197.0,166.0,194.0,186.0,163.0,182.0,18
172.0,159.0,202.0,165.0,198.0,186.0,168.0,180.0,18
169.0,158.0,200.0,165.0,195.0,185.0,165.0,179.0,18
173.0,160.0,203.0,167.0,199.0,188.0,168.0,181.0,18
173.0,163.0,203.0,170.0,199.0,190.0,168.0,184.0,18
171.0,163.0,201.0,170.0,197.0,190.0,166.0,184.0,18
172.0,161.0,202.0,168.0,198.0,188.0,167.0,182.0,18
173.0,162.0,203.0,168.0,199.0,188.0,169.0,182.0,18
170.0,164.0,200.0,170.0,196.0,191.0,166.0,185.0,18
169.0,162.0,200.0,168.0,196.0,189.0,165.0,183.0,18
172.0,162.0,203.0,168.0,198.0,189.0,168.0,183.0,18
169.0,162.0,200.0,168.0,196.0,188.0,165.0,183.0,18
169.0,162.0,200.0,168.0,196.0,188.0,165.0,183.0,18
171.0,164.0,202.0,169.0,198.0,189.0,167.0,184.0,18
169.0,163.0,200.0,168.0,196.0,189.0,166.0,184.0,18
168.0,165.0,199.0,170.0,196.0,191.0,165.0,186.0,18
166.0,164.0,197.0,169.0,194.0,189.0,163.0,185.0,18
164.0,165.0,194.0,169.0,192.0,190.0,161.0,187.0,18
161.0,166.0,191.0,169.0,189.0,189.0,159.0,187.0,18
160.0,165.0,190.0,168.0,188.0,189.0,158.0,186.0,18
160.0,165.0,190.0,168.0,188.0,189.0,158.0,187.0,18
163.0,162.0,193.0,164.0,191.0,186.0,161.0,184.0,18
160.0,160.0,190.0,163.0,188.0,184.0,158.0,181.0,18
160.0,160.0,190.0,163.0,188.0,184.0,158.0,181.0,18
165.0,159.0,196.0,163.0,193.0,183.0,162.0,180.0,18
167.0,160.0,198.0,165.0,195.0,185.0,164.0,180.0,18
166.0,159.0,197.0,164.0,194.0,184.0,164.0,179.0,18
163.0,163.0,194.0,167.0,192.0,187.0,161.0,184.0,18
162.0,164.0,193.0,168.0,190.0,188.0,159.0,185.0,18
161.0,161.0,192.0,165.0,189.0,185.0,158.0,182.0,18
164.0,163.0,195.0,167.0,192.0,187.0,161.0,184.0,18
168.0,165.0,199.0,169.0,196.0,190.0,165.0,186.0,18
169.0,167.0,200.0,172.0,197.0,193.0,166.0,188.0,18
168.0,170.0,199.0,175.0,196.0,195.0,165.0,191.0,18
166.0,167.0,197.0,172.0,194.0,192.0,163.0,187.0,18
172.0,168.0,203.0,173.0,200.0,193.0,169.0,189.0,18
171.0,169.0,202.0,173.0,199.0,194.0,168.0,190.0,18
161.0,166.0,192.0,168.0,190.0,189.0,160.0,187.0,18
156.0,171.0,186.0,171.0,186.0,192.0,156.0,192.0,18
152.0,172.0,183.0,172.0,183.0,192.0,152.0,192.0,18
150.0,172.0,181.0,170.0,182.0,191.0,151.0,192.0,18
151.0,173.0,182.0,171.0,183.0,193.0,152.0,194.0,18
150.0,176.0,182.0,174.0,183.0,195.0,151.0,197.0,18
152.0,176.0,183.0,176.0,183.0,197.0,152.0,197.0,18
149.0,175.0,180.0,173.0,181.0,194.0,150.0,195.0,18
148.0,179.0,179.0,176.0,181.0,197.0,150.0,199.0,18
147.0,178.0,179.0,175.0,180.0,196.0,149.0,198.0,18
149.0,179.0,180.0,176.0,182.0,197.0,150.0,199.0,18
147.0,183.0,178.0,180.0,179.0,202.0,148.0,204.0,18
141.0,182.0,172.0,178.0,174.0,199.0,143.0,203.0,18
141.0,180.0,172.0,176.0,174.0,197.0,143.0,200.0,18
139.0,180.0,170.0,176.0,173.0,197.0,142.0,201.0,18
138.0,181.0,169.0,176.0,172.0,197.0,141.0,201.0,18
140.0,178.0,171.0,174.0,174.0,194.0,143.0,198.0,18
142.0,179.0,173.0,175.0,175.0,196.0,144.0,199.0,18
146.0,178.0,177.0,175.0,178.0,196.0,147.0,198.0,18
150.0,180.0,181.0,178.0,182.0,200.0,151.0,201.0,18
158.0,175.0,189.0,175.0,189.0,196.0,158.0,196.0,18
160.0,175.0,190.0,175.0,190.0,196.0,160.0,196.0,18
159.0,178.0,190.0,178.0,190.0,199.0,159.0,199.0,18
160.0,179.0,191.0,181.0,189.0,202.0,158.0,200.0,18
156.0,184.0,187.0,184.0,187.0,205.0,156.0,205.0,18
163.0,176.0,194.0,176.0,194.0,197.0,163.0,197.0,18
162.0,174.0,193.0,177.0,191.0,198.0,160.0,196.0,18
162.0,173.0,193.0,176.0,191.0,196.0,160.0,194.0,18
159.0,176.0,190.0,178.0,189.0,198.0,158.0,197.0,18
159.0,172.0,190.0,174.0,189.0,194.0,158.0,193.0,18
159.0,169.0,190.0,171.0,189.0,192.0,158.0,190.0,18
160.0,174.0,192.0,176.0,191.0,196.0,159.0,195.0,18
162.0,172.0,193.0,174.0,192.0,195.0,161.0,194.0,18
163.0,175.0,194.0,177.0,193.0,198.0,162.0,196.0,18
162.0,176.0,193.0,178.0,192.0,198.0,161.0,197.0,18
163.0,175.0,194.0,177.0,193.0,198.0,162.0,197.0,18
162.0,176.0,193.0,178.0,192.0,199.0,161.0,197.0,18
166.0,172.0,197.0,175.0,196.0,195.0,164.0,193.0,18
165.0,174.0,196.0,177.0,195.0,197.0,163.0,194.0,18
166.0,176.0,197.0,179.0,196.0,200.0,164.0,197.0,18
165.0,179.0,197.0,181.0,196.0,201.0,164.0,200.0,18
162.0,178.0,193.0,180.0,192.0,200.0,161.0,199.0,18
163.0,176.0,194.0,178.0,193.0,198.0,162.0,197.0,18
163.0,176.0,195.0,178.0,193.0,199.0,162.0,197.0,18
161.0,177.0,192.0,179.0,191.0,200.0,160.0,199.0,18
160.0,183.0,191.0,183.0,191.0,204.0,160.0,204.0,18
156.0,178.0,188.0,180.0,187.0,200.0,155.0,199.0,18
155.0,178.0,186.0,178.0,186.0,199.0,155.0,199.0,18
159.0,179.0,190.0,179.0,190.0,199.0,159.0,199.0,18
155.0,180.0,186.0,180.0,186.0,200.0,155.0,200.0,18
153.0,181.0,184.0,179.0,185.0,201.0,154.0,202.0,18
156.0,182.0,186.0,182.0,186.0,203.0,156.0,203.0,18
157.0,181.0,188.0,181.0,188.0,202.0,157.0,202.0,18
154.0,181.0,185.0,179.0,187.0,200.0,156.0,202.0,18
155.0,180.0,186.0,178.0,187.0,199.0,157.0,201.0,18
156.0,179.0,187.0,177.0,189.0,198.0,158.0,200.0,18
155.0,181.0,187.0,179.0,188.0,200.0,157.0,202.0,18
156.0,181.0,187.0,179.0,189.0,200.0,158.0,202.0,18
156.0,181.0,186.0,179.0,187.0,201.0,157.0,202.0,18
153.0,178.0,184.0,176.0,185.0,197.0,155.0,199.0,18
158.0,179.0,188.0,177.0,189.0,198.0,159.0,200.0,18
158.0,181.0,188.0,179.0,189.0,200.0,159.0,201.0,18
151.0,185.0,181.0,182.0,183.0,203.0,153.0,205.0,18
149.0,181.0,180.0,178.0,182.0,199.0,151.0,202.0,18
149.0,178.0,179.0,175.0,181.0,196.0,151.0,199.0,18
143.0,182.0,173.0,178.0,176.0,199.0,145.0,202.0,18
149.0,178.0,179.0,174.0,181.0,195.0,151.0,198.0,18
154.0,179.0,185.0,176.0,188.0,197.0,157.0,200.0,18
160.0,185.0,190.0,182.0,192.0,203.0,162.0,206.0,18
165.0,182.0,196.0,179.0,197.0,200.0,167.0,203.0,18
170.0,179.0,200.0,176.0,202.0,197.0,172.0,200.0,18
175.0,178.0,206.0,175.0,207.0,196.0,177.0,199.0,18
180.0,178.0,210.0,176.0,212.0,197.0,182.0,199.0,18
176.0,179.0,206.0,176.0,208.0,197.0,178.0,200.0,18
171.0,183.0,202.0,179.0,205.0,200.0,174.0,203.0,18
176.0,180.0,207.0,176.0,209.0,197.0,179.0,200.0,18
177.0,183.0,208.0,179.0,211.0,201.0,180.0,205.0,18
174.0,186.0,205.0,182.0,207.0,203.0,177.0,206.0,18
169.0,188.0,200.0,184.0,203.0,205.0,172.0,209.0,18
162.0,188.0,193.0,183.0,197.0,207.0,166.0,211.0,18
155.0,199.0,185.0,195.0,188.0,216.0,158.0,220.0,18
151.0,193.0,182.0,189.0,185.0,211.0,154.0,215.0,18
148.0,200.0,179.0,195.0,183.0,216.0,151.0,220.0,18
141.0,197.0,172.0,191.0,176.0,213.0,145.0,218.0,18
142.0,192.0,173.0,186.0,177.0,207.0,146.0,213.0,18
148.0,190.0,179.0,185.0,182.0,206.0,152.0,211.0,18
154.0,189.0,184.0,184.0,188.0,205.0,157.0,210.0,18
150.0,189.0,181.0,184.0,185.0,205.0,154.0,211.0,18
152.0,192.0,182.0,187.0,185.0,208.0,155.0,213.0,18
152.0,191.0,184.0,186.0,187.0,208.0,156.0,213.0,18
154.0,189.0,185.0,185.0,188.0,206.0,157.0,210.0,18
152.0,188.0,182.0,184.0,185.0,205.0,155.0,209.0,18
156.0,186.0,186.0,182.0,189.0,204.0,159.0,207.0,18
155.0,189.0,185.0,185.0,188.0,207.0,158.0,210.0,18
152.0,192.0,183.0,187.0,187.0,208.0,156.0,213.0,18
151.0,190.0,181.0,185.0,184.0,206.0,154.0,210.0,18
151.0,194.0,181.0,189.0,185.0,210.0,154.0,215.0,18
154.0,190.0,184.0,186.0,187.0,208.0,157.0,211.0,18
158.0,193.0,188.0,188.0,191.0,210.0,161.0,214.0,18
146.0,195.0,176.0,189.0,180.0,211.0,150.0,216.0,18
157.0,191.0,187.0,185.0,191.0,206.0,161.0,212.0,18
147.0,190.0,177.0,184.0,181.0,205.0,151.0,210.0,18
142.0,193.0,172.0,187.0,176.0,208.0,146.0,214.0,18
140.0,192.0,170.0,185.0,175.0,207.0,145.0,213.0,18
149.0,186.0,179.0,181.0,183.0,202.0,153.0,207.0,18
149.0,190.0,179.0,184.0,183.0,205.0,153.0,211.0,18
148.0,189.0,178.0,183.0,182.0,204.0,152.0,210.0,18
147.0,190.0,176.0,184.0,180.0,205.0,151.0,211.0,18
145.0,189.0,175.0,183.0,180.0,204.0,150.0,210.0,18
148.0,190.0,177.0,184.0,182.0,205.0,152.0,211.0,18
150.0,189.0,180.0,183.0,184.0,204.0,155.0,210.0,18
151.0,189.0,180.0,183.0,184.0,204.0,155.0,210.0,18
148.0,191.0,178.0,185.0,182.0,206.0,153.0,212.0,18
144.0,192.0,174.0,186.0,178.0,207.0,149.0,213.0,18
144.0,191.0,174.0,185.0,178.0,206.0,149.0,213.0,18
149.0,187.0,178.0,181.0,182.0,202.0,153.0,208.0,18
149.0,187.0,178.0,181.0,183.0,202.0,154.0,208.0,18
149.0,192.0,178.0,185.0,183.0,206.0,154.0,212.0,18
148.0,192.0,177.0,185.0,182.0,206.0,153.0,213.0,18
147.0,192.0,176.0,184.0,181.0,205.0,152.0,212.0,18
138.0,199.0,166.0,193.0,170.0,214.0,142.0,219.0,19
140.0,198.0,168.0,193.0,172.0,213.0,144.0,219.0,19
140.0,197.0,169.0,192.0,173.0,212.0,144.0,217.0,19
141.0,196.0,170.0,191.0,174.0,211.0,145.0,216.0,19
141.0,197.0,170.0,192.0,174.0,212.0,145.0,217.0,19
142.0,197.0,170.0,192.0,174.0,213.0,146.0,217.0,19
144.0,197.0,172.0,192.0,176.0,213.0,147.0,217.0,19
143.0,198.0,172.0,193.0,176.0,214.0,147.0,218.0,19
143.0,199.0,172.0,194.0,176.0,214.0,147.0,219.0,19
144.0,198.0,173.0,193.0,176.0,213.0,148.0,218.0,19
145.0,197.0,174.0,192.0,177.0,213.0,149.0,217.0,19
146.0,198.0,174.0,193.0,177.0,213.0,149.0,218.0,19
145.0,198.0,173.0,193.0,176.0,213.0,148.0,218.0,19
142.0,197.0,171.0,192.0,174.0,213.0,146.0,218.0,19
142.0,201.0,170.0,195.0,174.0,215.0,146.0,221.0,19
141.0,196.0,170.0,191.0,173.0,211.0,145.0,216.0,19
142.0,193.0,170.0,188.0,174.0,208.0,145.0,213.0,19
143.0,199.0,172.0,193.0,176.0,214.0,147.0,219.0,19
143.0,199.0,171.0,193.0,175.0,214.0,147.0,219.0,19
146.0,171.0,174.0,166.0,178.0,185.0,150.0,190.0,19
150.0,143.0,178.0,138.0,181.0,157.0,154.0,162.0,19
152.0,132.0,179.0,127.0,183.0,146.0,156.0,151.0,19
149.0,123.0,177.0,118.0,180.0,136.0,153.0,142.0,19
147.0,108.0,174.0,103.0,178.0,121.0,151.0,126.0,19
144.0,92.0,172.0,86.0,176.0,105.0,148.0,110.0,19
136.0,76.0,163.0,71.0,167.0,90.0,139.0,95.0,19
126.0,32.0,154.0,26.0,158.0,45.0,130.0,50.0,19
133.0,43.0,161.0,37.0,165.0,58.0,137.0,63.0,19
131.0,150.0,160.0,142.0,166.0,165.0,137.0,173.0,19
131.0,155.0,159.0,150.0,162.0,169.0,135.0,174.0,19
133.0,153.0,161.0,148.0,164.0,167.0,137.0,172.0,19
133.0,159.0,161.0,153.0,165.0,172.0,137.0,178.0,19
134.0,165.0,162.0,159.0,166.0,179.0,138.0,184.0,19
134.0,169.0,161.0,164.0,165.0,183.0,137.0,188.0,19
134.0,174.0,162.0,168.0,166.0,187.0,138.0,193.0,19
134.0,175.0,162.0,169.0,166.0,188.0,138.0,194.0,19
135.0,173.0,163.0,168.0,166.0,187.0,138.0,192.0,19
135.0,173.0,163.0,168.0,167.0,187.0,139.0,192.0,19
134.0,171.0,162.0,166.0,166.0,186.0,137.0,191.0,19
131.0,172.0,159.0,167.0,163.0,187.0,135.0,192.0,19
130.0,171.0,158.0,166.0,162.0,186.0,133.0,191.0,19
133.0,172.0,161.0,167.0,164.0,187.0,136.0,192.0,19
140.0,174.0,168.0,170.0,171.0,190.0,143.0,193.0,19
146.0,174.0,174.0,171.0,176.0,191.0,148.0,194.0,19
141.0,173.0,169.0,169.0,172.0,189.0,144.0,192.0,19
137.0,170.0,165.0,167.0,167.0,187.0,139.0,190.0,19
136.0,170.0,163.0,167.0,165.0,187.0,138.0,189.0,19
137.0,174.0,164.0,171.0,166.0,191.0,139.0,193.0,19
142.0,174.0,170.0,171.0,172.0,191.0,144.0,193.0,19
148.0,175.0,175.0,175.0,175.0,195.0,148.0,195.0,19
147.0,177.0,175.0,175.0,177.0,195.0,149.0,197.0,19
146.0,177.0,175.0,174.0,177.0,194.0,148.0,197.0,19
146.0,171.0,175.0,169.0,177.0,189.0,148.0,191.0,19
149.0,173.0,177.0,173.0,177.0,193.0,149.0,193.0,19
144.0,173.0,172.0,171.0,173.0,191.0,145.0,192.0,19
144.0,171.0,172.0,171.0,172.0,191.0,144.0,191.0,19
146.0,171.0,174.0,171.0,174.0,191.0,146.0,191.0,19
144.0,173.0,172.0,171.0,173.0,191.0,145.0,192.0,19
144.0,173.0,172.0,171.0,173.0,191.0,145.0,192.0,19
141.0,170.0,170.0,168.0,172.0,188.0,143.0,190.0,19
145.0,171.0,172.0,171.0,172.0,191.0,145.0,191.0,19
145.0,170.0,173.0,170.0,173.0,190.0,145.0,190.0,19
140.0,169.0,168.0,167.0,170.0,187.0,141.0,189.0,19
143.0,168.0,171.0,168.0,171.0,188.0,143.0,188.0,19
141.0,169.0,169.0,167.0,170.0,187.0,142.0,188.0,19
142.0,171.0,170.0,169.0,171.0,189.0,143.0,190.0,19
142.0,168.0,169.0,168.0,169.0,188.0,142.0,188.0,19
144.0,169.0,172.0,169.0,172.0,189.0,144.0,189.0,19
142.0,168.0,170.0,168.0,170.0,188.0,142.0,188.0,19
153.0,175.0,181.0,175.0,181.0,193.0,153.0,193.0,19
157.0,177.0,186.0,177.0,186.0,196.0,157.0,196.0,19
148.0,182.0,177.0,180.0,178.0,200.0,149.0,202.0,19
147.0,181.0,175.0,181.0,175.0,200.0,147.0,200.0,19
144.0,178.0,172.0,178.0,172.0,198.0,144.0,198.0,19
143.0,176.0,172.0,176.0,172.0,196.0,143.0,196.0,19
148.0,178.0,176.0,178.0,176.0,198.0,148.0,198.0,19
152.0,179.0,181.0,179.0,181.0,199.0,152.0,199.0,19
150.0,178.0,179.0,178.0,179.0,197.0,150.0,197.0,19
149.0,175.0,178.0,175.0,178.0,194.0,149.0,194.0,19
146.0,172.0,175.0,172.0,175.0,191.0,146.0,191.0,19
144.0,171.0,173.0,171.0,173.0,190.0,144.0,190.0,19
141.0,171.0,170.0,171.0,170.0,190.0,141.0,190.0,19
146.0,173.0,175.0,173.0,175.0,192.0,146.0,192.0,19
145.0,172.0,174.0,172.0,174.0,192.0,145.0,192.0,19
140.0,174.0,169.0,172.0,170.0,192.0,141.0,193.0,19
144.0,173.0,173.0,173.0,173.0,192.0,144.0,192.0,19
148.0,173.0,177.0,173.0,177.0,192.0,148.0,192.0,19
138.0,168.0,166.0,166.0,167.0,186.0,139.0,187.0,19
140.0,170.0,169.0,168.0,171.0,188.0,142.0,190.0,19
147.0,173.0,176.0,173.0,176.0,192.0,147.0,192.0,19
146.0,170.0,174.0,170.0,174.0,189.0,146.0,189.0,19
145.0,171.0,174.0,171.0,174.0,190.0,145.0,190.0,19
147.0,174.0,175.0,172.0,176.0,192.0,148.0,193.0,19
151.0,174.0,179.0,174.0,179.0,194.0,151.0,194.0,19
147.0,174.0,176.0,174.0,176.0,194.0,147.0,194.0,19
147.0,172.0,175.0,172.0,175.0,191.0,147.0,191.0,19
152.0,173.0,182.0,175.0,181.0,194.0,151.0,193.0,19
153.0,174.0,183.0,176.0,182.0,195.0,152.0,194.0,19
151.0,174.0,180.0,174.0,180.0,193.0,151.0,193.0,19
147.0,170.0,176.0,170.0,176.0,189.0,147.0,189.0,19
144.0,166.0,173.0,168.0,172.0,187.0,143.0,186.0,19
150.0,166.0,179.0,168.0,178.0,187.0,149.0,186.0,19
147.0,173.0,176.0,173.0,176.0,192.0,147.0,192.0,19
147.0,177.0,176.0,177.0,176.0,196.0,147.0,196.0,19
145.0,175.0,174.0,175.0,174.0,194.0,145.0,194.0,19
149.0,178.0,178.0,178.0,178.0,198.0,149.0,198.0,19
146.0,175.0,175.0,177.0,174.0,196.0,145.0,195.0,19
148.0,176.0,177.0,178.0,176.0,197.0,147.0,196.0,19
150.0,173.0,179.0,176.0,178.0,195.0,148.0,193.0,19
151.0,174.0,180.0,177.0,179.0,196.0,149.0,194.0,19
151.0,172.0,180.0,175.0,178.0,195.0,149.0,192.0,19
148.0,168.0,177.0,171.0,175.0,191.0,146.0,188.0,19
149.0,173.0,178.0,176.0,177.0,195.0,147.0,193.0,19
148.0,177.0,178.0,179.0,177.0,198.0,147.0,197.0,19
141.0,174.0,170.0,174.0,170.0,193.0,141.0,193.0,19
139.0,173.0,167.0,173.0,167.0,192.0,139.0,192.0,19
134.0,166.0,162.0,166.0,162.0,185.0,134.0,185.0,19
138.0,167.0,167.0,167.0,167.0,186.0,138.0,186.0,19
140.0,169.0,169.0,169.0,169.0,188.0,140.0,188.0,19
148.0,168.0,177.0,170.0,176.0,189.0,147.0,188.0,19
148.0,173.0,178.0,175.0,177.0,194.0,147.0,193.0,19
149.0,173.0,179.0,175.0,177.0,195.0,148.0,193.0,19
154.0,173.0,183.0,176.0,181.0,195.0,152.0,193.0,19
151.0,168.0,180.0,171.0,178.0,191.0,149.0,188.0,19
150.0,167.0,180.0,171.0,177.0,190.0,148.0,187.0,19
150.0,167.0,179.0,170.0,178.0,189.0,148.0,187.0,19
144.0,167.0,174.0,169.0,173.0,188.0,143.0,187.0,19
149.0,176.0,178.0,178.0,177.0,197.0,148.0,196.0,19
155.0,181.0,185.0,183.0,183.0,203.0,154.0,201.0,19
156.0,190.0,185.0,193.0,184.0,213.0,154.0,211.0,19
156.0,188.0,185.0,192.0,183.0,212.0,153.0,209.0,19
154.0,186.0,184.0,189.0,181.0,209.0,152.0,206.0,19
154.0,186.0,183.0,190.0,181.0,209.0,151.0,206.0,19
158.0,189.0,188.0,193.0,186.0,213.0,156.0,210.0,19
159.0,188.0,189.0,191.0,187.0,211.0,157.0,208.0,19
146.0,177.0,175.0,180.0,174.0,199.0,144.0,197.0,19
148.0,194.0,177.0,196.0,176.0,216.0,147.0,214.0,19
146.0,189.0,176.0,192.0,174.0,212.0,144.0,209.0,19
152.0,196.0,182.0,200.0,179.0,219.0,150.0,216.0,19
150.0,198.0,180.0,201.0,178.0,221.0,149.0,219.0,19
148.0,198.0,178.0,200.0,176.0,220.0,147.0,218.0,19
147.0,194.0,177.0,196.0,175.0,216.0,146.0,214.0,19
146.0,191.0,176.0,193.0,175.0,212.0,145.0,211.0,19
147.0,188.0,177.0,190.0,175.0,210.0,146.0,208.0,19
151.0,194.0,180.0,197.0,178.0,217.0,149.0,215.0,19
155.0,198.0,185.0,200.0,183.0,220.0,153.0,218.0,19
147.0,197.0,176.0,199.0,175.0,219.0,146.0,218.0,19
145.0,194.0,174.0,196.0,173.0,216.0,143.0,214.0,19
149.0,192.0,179.0,195.0,177.0,215.0,147.0,212.0,19
150.0,195.0,180.0,198.0,178.0,218.0,149.0,215.0,19
148.0,193.0,177.0,196.0,176.0,215.0,146.0,213.0,19
150.0,192.0,180.0,195.0,177.0,215.0,148.0,212.0,19
151.0,194.0,181.0,197.0,179.0,217.0,149.0,214.0,19
146.0,190.0,176.0,194.0,173.0,214.0,144.0,211.0,19
145.0,194.0,174.0,196.0,172.0,216.0,143.0,214.0,19
151.0,192.0,180.0,195.0,178.0,215.0,149.0,212.0,19
147.0,189.0,177.0,193.0,174.0,213.0,145.0,210.0,19
154.0,197.0,184.0,201.0,181.0,221.0,151.0,217.0,19
149.0,194.0,178.0,197.0,176.0,218.0,147.0,215.0,19
148.0,192.0,177.0,196.0,175.0,216.0,145.0,213.0,19
153.0,195.0,182.0,198.0,180.0,219.0,151.0,216.0,19
147.0,193.0,176.0,196.0,174.0,215.0,145.0,213.0,19
153.0,195.0,183.0,199.0,180.0,219.0,151.0,215.0,19
154.0,191.0,183.0,195.0,180.0,215.0,151.0,212.0,19
156.0,194.0,186.0,199.0,182.0,219.0,153.0,214.0,19
162.0,195.0,191.0,201.0,187.0,221.0,158.0,215.0,19
162.0,195.0,191.0,201.0,188.0,220.0,158.0,215.0,19
162.0,196.0,191.0,201.0,187.0,221.0,158.0,216.0,19
158.0,189.0,187.0,194.0,183.0,214.0,154.0,209.0,19
156.0,190.0,185.0,195.0,182.0,215.0,153.0,210.0,19
159.0,188.0,188.0,194.0,184.0,214.0,155.0,208.0,19
160.0,192.0,189.0,197.0,185.0,218.0,156.0,213.0,19
161.0,192.0,190.0,197.0,187.0,217.0,158.0,212.0,19
169.0,193.0,198.0,199.0,194.0,219.0,165.0,213.0,19
165.0,189.0,193.0,195.0,189.0,215.0,160.0,209.0,19
165.0,193.0,193.0,199.0,189.0,219.0,161.0,213.0,19
159.0,190.0,188.0,195.0,184.0,215.0,155.0,210.0,19
158.0,190.0,187.0,195.0,184.0,215.0,155.0,210.0,19
155.0,187.0,183.0,191.0,180.0,211.0,152.0,207.0,19
156.0,190.0,184.0,194.0,182.0,215.0,153.0,211.0,19
153.0,191.0,181.0,195.0,178.0,215.0,150.0,212.0,19
153.0,194.0,182.0,197.0,179.0,218.0,150.0,215.0,19
155.0,194.0,183.0,197.0,181.0,217.0,153.0,215.0,19
152.0,193.0,180.0,196.0,178.0,216.0,151.0,214.0,19
150.0,194.0,178.0,197.0,176.0,217.0,148.0,214.0,19
149.0,196.0,176.0,196.0,176.0,217.0,149.0,217.0,19
150.0,167.0,177.0,173.0,173.0,191.0,147.0,185.0,20
151.0,167.0,177.0,172.0,173.0,190.0,147.0,185.0,20
151.0,165.0,177.0,171.0,173.0,189.0,147.0,183.0,20
151.0,161.0,177.0,167.0,173.0,185.0,147.0,179.0,20
151.0,155.0,177.0,161.0,173.0,180.0,147.0,174.0,20
145.0,163.0,171.0,167.0,168.0,186.0,142.0,182.0,20
147.0,163.0,173.0,168.0,170.0,186.0,143.0,182.0,20
147.0,167.0,173.0,172.0,170.0,190.0,144.0,185.0,20
145.0,167.0,172.0,171.0,169.0,190.0,142.0,186.0,20
150.0,168.0,177.0,173.0,173.0,191.0,146.0,186.0,20
142.0,165.0,169.0,168.0,166.0,187.0,140.0,184.0,20
144.0,166.0,170.0,169.0,168.0,188.0,141.0,185.0,20
144.0,165.0,171.0,169.0,168.0,187.0,142.0,184.0,20
146.0,164.0,172.0,168.0,170.0,187.0,143.0,183.0,20
145.0,165.0,172.0,169.0,169.0,187.0,143.0,184.0,20
145.0,164.0,171.0,168.0,169.0,187.0,142.0,184.0,20
144.0,167.0,171.0,170.0,169.0,189.0,142.0,186.0,20
145.0,168.0,171.0,171.0,169.0,190.0,143.0,187.0,20
148.0,168.0,175.0,172.0,172.0,190.0,145.0,187.0,20
154.0,169.0,181.0,173.0,178.0,192.0,151.0,188.0,20
157.0,167.0,184.0,171.0,181.0,190.0,154.0,186.0,20
160.0,166.0,187.0,170.0,184.0,189.0,157.0,185.0,20
159.0,168.0,186.0,170.0,184.0,189.0,157.0,187.0,20
164.0,165.0,191.0,168.0,189.0,187.0,162.0,184.0,20
160.0,167.0,187.0,169.0,185.0,188.0,158.0,186.0,20
160.0,165.0,187.0,167.0,185.0,186.0,158.0,184.0,20
153.0,165.0,180.0,167.0,178.0,186.0,151.0,184.0,20
151.0,164.0,178.0,167.0,176.0,185.0,149.0,183.0,20
149.0,167.0,176.0,169.0,174.0,188.0,147.0,186.0,20
148.0,166.0,174.0,168.0,173.0,186.0,147.0,184.0,20
146.0,169.0,172.0,171.0,171.0,189.0,145.0,188.0,20
145.0,169.0,171.0,171.0,170.0,189.0,144.0,188.0,20
141.0,178.0,168.0,178.0,168.0,197.0,141.0,197.0,20
139.0,170.0,166.0,170.0,166.0,188.0,139.0,188.0,20
133.0,165.0,161.0,162.0,162.0,181.0,135.0,183.0,20
138.0,165.0,166.0,161.0,168.0,180.0,140.0,183.0,20
147.0,179.0,175.0,177.0,176.0,197.0,148.0,198.0,20
139.0,179.0,166.0,177.0,168.0,195.0,140.0,197.0,20
142.0,175.0,169.0,175.0,169.0,194.0,142.0,194.0,20
145.0,171.0,171.0,171.0,171.0,190.0,145.0,190.0,20
142.0,173.0,169.0,175.0,168.0,194.0,141.0,192.0,20
134.0,166.0,161.0,166.0,161.0,184.0,134.0,184.0,20
135.0,168.0,162.0,168.0,162.0,186.0,135.0,186.0,20
131.0,164.0,158.0,164.0,158.0,182.0,131.0,182.0,20
134.0,165.0,161.0,165.0,161.0,183.0,134.0,183.0,20
133.0,167.0,161.0,165.0,162.0,184.0,134.0,185.0,20
138.0,171.0,166.0,171.0,166.0,190.0,138.0,190.0,20
137.0,172.0,164.0,172.0,164.0,190.0,137.0,190.0,20
132.0,169.0,160.0,169.0,160.0,187.0,132.0,187.0,20
128.0,169.0,156.0,169.0,156.0,188.0,128.0,188.0,20
127.0,168.0,154.0,166.0,155.0,185.0,128.0,186.0,20
118.0,168.0,146.0,164.0,148.0,183.0,121.0,186.0,20
124.0,166.0,152.0,163.0,154.0,182.0,126.0,184.0,20
127.0,169.0,155.0,165.0,157.0,183.0,129.0,187.0,20
125.0,169.0,153.0,166.0,155.0,185.0,127.0,187.0,20
130.0,168.0,157.0,166.0,158.0,185.0,131.0,186.0,20
129.0,168.0,157.0,166.0,158.0,185.0,130.0,186.0,20
131.0,169.0,159.0,167.0,160.0,186.0,132.0,187.0,20
132.0,166.0,159.0,164.0,160.0,182.0,133.0,184.0,20
135.0,166.0,163.0,164.0,164.0,183.0,136.0,184.0,20
136.0,166.0,164.0,164.0,165.0,183.0,137.0,184.0,20
137.0,164.0,164.0,164.0,164.0,182.0,137.0,182.0,20
136.0,167.0,163.0,167.0,163.0,185.0,136.0,185.0,20
138.0,167.0,165.0,167.0,165.0,186.0,138.0,186.0,20
140.0,165.0,167.0,165.0,167.0,183.0,140.0,183.0,20
139.0,169.0,166.0,167.0,167.0,186.0,140.0,187.0,20
145.0,169.0,172.0,169.0,172.0,187.0,145.0,187.0,20
144.0,171.0,171.0,171.0,171.0,189.0,144.0,189.0,20
135.0,172.0,162.0,170.0,163.0,189.0,136.0,190.0,20
137.0,170.0,164.0,170.0,164.0,188.0,137.0,188.0,20
137.0,170.0,164.0,170.0,164.0,188.0,137.0,188.0,20
135.0,169.0,162.0,167.0,163.0,186.0,136.0,187.0,20
135.0,169.0,163.0,167.0,164.0,186.0,136.0,187.0,20
136.0,168.0,163.0,166.0,164.0,185.0,137.0,186.0,20
137.0,167.0,164.0,167.0,164.0,185.0,137.0,185.0,20
136.0,168.0,163.0,168.0,163.0,186.0,136.0,186.0,20
134.0,173.0,161.0,171.0,162.0,190.0,135.0,191.0,20
134.0,170.0,161.0,168.0,163.0,186.0,135.0,188.0,20
128.0,176.0,156.0,173.0,157.0,192.0,130.0,194.0,20
117.0,176.0,145.0,171.0,148.0,190.0,120.0,194.0,20
116.0,179.0,144.0,174.0,147.0,193.0,119.0,198.0,20
123.0,175.0,151.0,170.0,154.0,189.0,126.0,193.0,20
130.0,171.0,158.0,167.0,160.0,185.0,133.0,189.0,20
135.0,171.0,162.0,168.0,164.0,187.0,136.0,189.0,20
139.0,169.0,167.0,166.0,169.0,185.0,141.0,187.0,20
143.0,168.0,170.0,166.0,171.0,185.0,144.0,186.0,20
146.0,169.0,173.0,167.0,174.0,186.0,147.0,187.0,20
147.0,167.0,174.0,167.0,174.0,185.0,147.0,185.0,20
147.0,167.0,174.0,167.0,174.0,185.0,147.0,185.0,20
147.0,170.0,174.0,168.0,175.0,187.0,148.0,188.0,20
143.0,172.0,170.0,170.0,171.0,189.0,144.0,190.0,20
145.0,171.0,172.0,171.0,172.0,189.0,145.0,189.0,20
143.0,174.0,171.0,174.0,171.0,192.0,143.0,192.0,20
146.0,175.0,174.0,175.0,174.0,193.0,146.0,193.0,20
147.0,176.0,174.0,176.0,174.0,194.0,147.0,194.0,20
145.0,176.0,173.0,176.0,173.0,194.0,145.0,194.0,20
141.0,177.0,169.0,177.0,169.0,195.0,141.0,195.0,20
145.0,177.0,172.0,177.0,172.0,196.0,145.0,196.0,20
145.0,177.0,173.0,177.0,173.0,195.0,145.0,195.0,20
142.0,180.0,170.0,182.0,169.0,200.0,141.0,199.0,20
137.0,183.0,165.0,183.0,165.0,201.0,137.0,201.0,20
143.0,184.0,170.0,184.0,170.0,203.0,143.0,203.0,20
143.0,181.0,171.0,183.0,170.0,201.0,142.0,200.0,20
145.0,181.0,173.0,183.0,172.0,201.0,144.0,200.0,20
147.0,180.0,175.0,180.0,175.0,198.0,147.0,198.0,20
145.0,179.0,173.0,181.0,172.0,199.0,144.0,198.0,20
141.0,182.0,168.0,182.0,168.0,201.0,141.0,201.0,20
141.0,182.0,169.0,182.0,169.0,200.0,141.0,200.0,20
140.0,181.0,168.0,183.0,167.0,201.0,139.0,200.0,20
147.0,179.0,174.0,181.0,173.0,199.0,146.0,198.0,20
150.0,180.0,178.0,182.0,177.0,201.0,149.0,199.0,20
151.0,182.0,179.0,182.0,179.0,200.0,151.0,200.0,20
149.0,181.0,176.0,181.0,176.0,200.0,149.0,200.0,20
149.0,181.0,177.0,181.0,177.0,199.0,149.0,199.0,20
152.0,181.0,180.0,181.0,180.0,199.0,152.0,199.0,20
154.0,180.0,181.0,180.0,181.0,199.0,154.0,199.0,20
156.0,182.0,183.0,184.0,182.0,202.0,155.0,201.0,20
156.0,184.0,184.0,186.0,183.0,204.0,155.0,203.0,20
151.0,182.0,179.0,184.0,178.0,202.0,150.0,201.0,20
156.0,182.0,184.0,184.0,183.0,202.0,155.0,201.0,20
154.0,186.0,182.0,188.0,181.0,206.0,153.0,205.0,20
155.0,185.0,183.0,187.0,182.0,205.0,154.0,204.0,20
154.0,182.0,182.0,185.0,180.0,203.0,152.0,201.0,20
154.0,180.0,182.0,182.0,181.0,200.0,153.0,199.0,20
158.0,184.0,185.0,187.0,183.0,205.0,156.0,202.0,20
164.0,183.0,191.0,185.0,190.0,204.0,162.0,202.0,20
162.0,179.0,190.0,182.0,188.0,200.0,161.0,198.0,20
162.0,184.0,189.0,186.0,188.0,204.0,161.0,203.0,20
162.0,184.0,189.0,184.0,189.0,202.0,162.0,202.0,20
164.0,182.0,191.0,184.0,190.0,202.0,163.0,201.0,20
162.0,192.0,189.0,194.0,188.0,213.0,161.0,212.0,20
152.0,194.0,180.0,194.0,180.0,212.0,152.0,212.0,20
154.0,202.0,182.0,202.0,182.0,221.0,154.0,221.0,20
154.0,202.0,181.0,202.0,181.0,221.0,154.0,221.0,20
154.0,196.0,182.0,196.0,182.0,214.0,154.0,214.0,20
156.0,190.0,183.0,192.0,182.0,210.0,155.0,209.0,20
149.0,184.0,176.0,184.0,176.0,202.0,149.0,202.0,20
147.0,191.0,174.0,191.0,174.0,210.0,147.0,210.0,20
156.0,203.0,183.0,203.0,183.0,222.0,156.0,222.0,20
159.0,200.0,186.0,200.0,186.0,218.0,159.0,218.0,20
160.0,196.0,186.0,196.0,186.0,215.0,160.0,215.0,20
159.0,183.0,185.0,183.0,185.0,201.0,159.0,201.0,20
